0 6582
1 6584
2 6587
3 6588
4 6590
5 6591
6 6591
7 6592
8 6591
9 6591
10 6590
11 6588
12 6586
13 6584
14 6582
15 6579
16 6575
17 6571
18 6567
19 6563
20 6558
21 6553
22 6547
23 6542
24 6535
25 6529
26 6522
27 6515
28 6508
29 6500
30 6492
31 6484
32 6475
33 6467
34 6458
35 6448
36 6439
37 6429
38 6419
39 6409
40 6399
41 6389
42 6378
43 6367
44 6357
45 6346
46 6334
47 6323
48 6312
49 6300
50 6289
51 6277
52 6265
53 6254
54 6242
55 6230
56 6218
57 6206
58 6194
59 6182
60 6170
61 6158
62 6146
63 6134
64 6122
65 6110
66 6098
67 6086
68 6074
69 6062
70 6050
71 6039
72 6027
73 6015
74 6004
75 5993
76 5981
77 5970
78 5959
79 5948
80 5937
81 5926
82 5915
83 5905
84 5894
85 5884
86 5874
87 5864
88 5854
89 5844
90 5834
91 5825
92 5815
93 5806
94 5797
95 5788
96 5779
97 5770
98 5762
99 5754
100 5745
101 5737
102 5729
103 5722
104 5714
105 5707
106 5699
107 5692
108 5685
109 5679
110 5672
111 5665
112 5659
113 5653
114 5647
115 5641
116 5636
117 5630
118 5625
119 5620
120 5615
121 5610
122 5606
123 5601
124 5597
125 5593
126 5589
127 5585
128 5581
129 5578
130 5574
131 5571
132 5568
133 5565
134 5563
135 5560
136 5558
137 5556
138 5554
139 5552
140 5550
141 5548
142 5547
143 5546
144 5545
145 5544
146 5543
147 5542
148 5542
149 5541
150 5541
151 5541
152 5541
153 5541
154 5542
155 5542
156 5543
157 5544
158 5544
159 5546
160 5547
161 5548
162 5549
163 5551
164 5553
165 5555
166 5557
167 5559
168 5561
169 5563
170 5566
171 5568
172 5571
173 5574
174 5577
175 5580
176 5583
177 5587
178 5590
179 5594
180 5597
181 5601
182 5605
183 5609
184 5613
185 5618
186 5622
187 5627
188 5631
189 5636
190 5641
191 5646
192 5651
193 5656
194 5662
195 5667
196 5673
197 5678
198 5684
199 5690
200 5696
201 5703
202 5709
203 5716
204 5722
205 5729
206 5736
207 5743
208 5750
209 5757
210 5765
211 5772
212 5780
213 5788
214 5795
215 5804
216 5812
217 5820
218 5829
219 5837
220 5846
221 5855
222 5864
223 5873
224 5882
225 5892
226 5901
227 5911
228 5921
229 5931
230 5941
231 5951
232 5961
233 5972
234 5982
235 5993
236 6004
237 6015
238 6026
239 6037
240 6048
241 6060
242 6071
243 6083
244 6094
245 6106
246 6118
247 6130
248 6142
249 6154
250 6166
251 6178
252 6190
253 6202
254 6214
255 6227
256 6239
257 6251
258 6264
259 6276
260 6288
261 6300
262 6313
263 6325
264 6337
265 6349
266 6361
267 6373
268 6385
269 6397
270 6409
271 6420
272 6432
273 6443
274 6454
275 6465
276 6476
277 6487
278 6497
279 6508
280 6518
281 6528
282 6538
283 6547
284 6556
285 6565
286 6574
287 6583
288 6591
289 6599
290 6606
291 6614
292 6621
293 6627
294 6634
295 6640
296 6645
297 6650
298 6655
299 6660
300 6664
301 6668
302 6671
303 6674
304 6676
305 6679
306 6680
307 6682
308 6682
309 6683
310 6683
311 6682
312 6681
313 6680
314 6678
315 6676
316 6673
317 6670
318 6666
319 6662
320 6657
321 6652
322 6647
323 6641
324 6635
325 6628
326 6620
327 6613
328 6604
329 6596
330 6587
331 6577
332 6567
333 6557
334 6546
335 6535
336 6523
337 6511
338 6499
339 6486
340 6473
341 6460
342 6446
343 6432
344 6417
345 6402
346 6387
347 6372
348 6356
349 6340
350 6323
351 6307
352 6290
353 6272
354 6255
355 6237
356 6219
357 6201
358 6183
359 6165
360 6146
361 6127
362 6108
363 6089
364 6069
365 6050
366 6030
367 6011
368 5991
369 5971
370 5951
371 5931
372 5911
373 5891
374 5870
375 5850
376 5830
377 5809
378 5789
379 5769
380 5748
381 5728
382 5708
383 5687
384 5667
385 5647
386 5626
387 5606
388 5586
389 5566
390 5546
391 5526
392 5506
393 5486
394 5466
395 5446
396 5427
397 5407
398 5388
399 5368
400 5349
401 5330
402 5311
403 5291
404 5273
405 5254
406 5235
407 5216
408 5198
409 5179
410 5161
411 5143
412 5124
413 5106
414 5088
415 5071
416 5053
417 5035
418 5017
419 5000
420 4983
421 4965
422 4948
423 4931
424 4914
425 4897
426 4880
427 4863
428 4846
429 4830
430 4813
431 4797
432 4780
433 4764
434 4748
435 4731
436 4715
437 4699
438 4683
439 4667
440 4651
441 4635
442 4619
443 4604
444 4588
445 4572
446 4556
447 4541
448 4525
449 4510
450 4494
451 4478
452 4463
453 4447
454 4432
455 4416
456 4401
457 4386
458 4370
459 4355
460 4339
461 4324
462 4308
463 4293
464 4278
465 4262
466 4247
467 4231
468 4216
469 4200
470 4185
471 4169
472 4154
473 4138
474 4122
475 4107
476 4091
477 4075
478 4060
479 4044
480 4028
481 4012
482 3996
483 3981
484 3965
485 3949
486 3933
487 3917
488 3900
489 3884
490 3868
491 3852
492 3836
493 3819
494 3803
495 3786
496 3770
497 3753
498 3737
499 3720
500 3704
501 3687
502 3670
503 3653
504 3636
505 3619
506 3602
507 3585
508 3568
509 3551
510 3534
511 3516
512 3499
513 3482
514 3464
515 3447
516 3429
517 3412
518 3394
519 3376
520 3359
521 3341
522 3323
523 3305
524 3287
525 3270
526 3252
527 3234
528 3216
529 3198
530 3180
531 3161
532 3143
533 3125
534 3107
535 3089
536 3071
537 3053
538 3034
539 3016
540 2998
541 2980
542 2962
543 2943
544 2925
545 2907
546 2889
547 2871
548 2853
549 2835
550 2817
551 2799
552 2781
553 2763
554 2745
555 2727
556 2709
557 2691
558 2673
559 2656
560 2638
561 2621
562 2603
563 2586
564 2568
565 2551
566 2533
567 2516
568 2499
569 2482
570 2465
571 2448
572 2431
573 2415
574 2398
575 2381
576 2365
577 2348
578 2332
579 2316
580 2300
581 2284
582 2268
583 2252
584 2236
585 2220
586 2204
587 2189
588 2173
589 2158
590 2143
591 2128
592 2113
593 2098
594 2083
595 2068
596 2053
597 2039
598 2024
599 2010
600 1995
601 1981
602 1967
603 1953
604 1939
605 1925
606 1911
607 1897
608 1883
609 1870
610 1856
611 1843
612 1829
613 1816
614 1803
615 1790
616 1777
617 1764
618 1751
619 1738
620 1725
621 1712
622 1700
623 1687
624 1675
625 1662
626 1650
627 1638
628 1625
629 1613
630 1601
631 1589
632 1577
633 1565
634 1553
635 1542
636 1530
637 1518
638 1506
639 1495
640 1483
641 1472
642 1461
643 1449
644 1438
645 1427
646 1416
647 1405
648 1393
649 1383
650 1372
651 1361
652 1350
653 1339
654 1328
655 1318
656 1307
657 1297
658 1286
659 1276
660 1265
661 1255
662 1245
663 1235
664 1224
665 1214
666 1204
667 1194
668 1184
669 1175
670 1165
671 1155
672 1145
673 1136
674 1126
675 1117
676 1107
677 1098
678 1088
679 1079
680 1070
681 1060
682 1051
683 1042
684 1033
685 1024
686 1015
687 1006
688 997
689 988
690 980
691 971
692 962
693 954
694 945
695 937
696 928
697 920
698 911
699 903
700 895
701 886
702 878
703 870
704 862
705 854
706 846
707 838
708 830
709 822
710 814
711 806
712 799
713 791
714 783
715 775
716 768
717 760
718 753
719 745
720 738
721 730
722 723
723 716
724 708
725 701
726 694
727 686
728 679
729 672
730 665
731 658
732 651
733 644
734 637
735 630
736 623
737 616
738 609
739 602
740 595
741 589
742 582
743 575
744 568
745 562
746 555
747 549
748 542
749 535
750 529
751 523
752 516
753 510
754 503
755 497
756 491
757 484
758 478
759 472
760 466
761 459
762 453
763 447
764 441
765 435
766 429
767 423
768 417
769 411
770 405
771 399
772 393
773 387
774 382
775 376
776 370
777 364
778 359
779 353
780 347
781 342
782 336
783 330
784 325
785 319
786 314
787 308
788 303
789 298
790 292
791 287
792 282
793 276
794 271
795 266
796 261
797 255
798 250
799 245
800 240
801 235
802 230
803 225
804 220
805 215
806 210
807 205
808 200
809 195
810 190
811 185
812 181
813 176
814 171
815 166
816 162
817 157
818 152
819 148
820 143
821 139
822 134
823 129
824 125
825 120
826 116
827 112
828 107
829 103
830 98
831 94
832 90
833 85
834 81
835 77
836 73
837 68
838 64
839 60
840 56
841 52
842 48
843 44
844 40
845 36
846 32
847 28
848 24
849 20
850 16
851 12
852 8
853 4
854 1
855 -2
856 -6
857 -10
858 -13
859 -17
860 -21
861 -24
862 -28
863 -32
864 -35
865 -39
866 -42
867 -46
868 -49
869 -53
870 -56
871 -60
872 -63
873 -67
874 -70
875 -73
876 -77
877 -80
878 -83
879 -87
880 -90
881 -93
882 -96
883 -99
884 -103
885 -106
886 -109
887 -112
888 -115
889 -118
890 -121
891 -124
892 -127
893 -130
894 -133
895 -136
896 -139
897 -142
898 -145
899 -148
900 -151
901 -154
902 -157
903 -159
904 -162
905 -165
906 -168
907 -171
908 -173
909 -176
910 -179
911 -182
912 -184
913 -187
914 -190
915 -192
916 -195
917 -197
918 -200
919 -203
920 -205
921 -208
922 -210
923 -213
924 -215
925 -218
926 -220
927 -223
928 -225
929 -228
930 -230
931 -233
932 -235
933 -238
934 -240
935 -243
936 -245
937 -247
938 -250
939 -252
940 -255
941 -257
942 -259
943 -262
944 -264
945 -266
946 -269
947 -271
948 -273
949 -276
950 -278
951 -280
952 -283
953 -285
954 -287
955 -290
956 -292
957 -294
958 -296
959 -299
960 -301
961 -303
962 -305
963 -308
964 -310
965 -312
966 -314
967 -317
968 -319
969 -321
970 -323
971 -325
972 -327
973 -330
974 -332
975 -334
976 -336
977 -338
978 -340
979 -342
980 -345
981 -347
982 -349
983 -351
984 -353
985 -355
986 -357
987 -359
988 -361
989 -363
990 -365
991 -367
992 -369
993 -371
994 -373
995 -375
996 -377
997 -379
998 -381
999 -383
1000 -385
1001 -386
1002 -388
1003 -390
1004 -392
1005 -394
1006 -396
1007 -397
1008 -399
1009 -401
1010 -403
1011 -404
1012 -406
1013 -408
1014 -410
1015 -411
1016 -413
1017 -415
1018 -416
1019 -418
1020 -419
1021 -421
1022 -423
1023 -424
1024 -426
1025 -427
1026 -429
1027 -430
1028 -432
1029 -433
1030 -435
1031 -436
1032 -438
1033 -439
1034 -441
1035 -442
1036 -443
1037 -445
1038 -446
1039 -448
1040 -449
1041 -450
1042 -452
1043 -453
1044 -454
1045 -456
1046 -457
1047 -458
1048 -459
1049 -461
1050 -462
1051 -463
1052 -464
1053 -466
1054 -467
1055 -468
1056 -469
1057 -470
1058 -472
1059 -473
1060 -474
1061 -475
1062 -476
1063 -477
1064 -479
1065 -480
1066 -481
1067 -482
1068 -483
1069 -484
1070 -485
1071 -487
1072 -488
1073 -489
1074 -490
1075 -491
1076 -492
1077 -493
1078 -494
1079 -495
1080 -496
1081 -497
1082 -499
1083 -500
1084 -501
1085 -502
1086 -503
1087 -504
1088 -505
1089 -506
1090 -507
1091 -508
1092 -509
1093 -510
1094 -512
1095 -513
1096 -514
1097 -515
1098 -516
1099 -517
1100 -518
1101 -519
1102 -520
1103 -521
1104 -522
1105 -523
1106 -525
1107 -526
1108 -527
1109 -528
1110 -529
1111 -530
1112 -531
1113 -532
1114 -533
1115 -534
1116 -536
1117 -537
1118 -538
1119 -539
1120 -540
1121 -541
1122 -542
1123 -543
1124 -544
1125 -545
1126 -547
1127 -548
1128 -549
1129 -550
1130 -551
1131 -552
1132 -553
1133 -554
1134 -555
1135 -556
1136 -557
1137 -558
1138 -559
1139 -561
1140 -562
1141 -563
1142 -564
1143 -565
1144 -566
1145 -567
1146 -568
1147 -569
1148 -570
1149 -571
1150 -572
1151 -573
1152 -574
1153 -575
1154 -576
1155 -577
1156 -578
1157 -579
1158 -580
1159 -581
1160 -582
1161 -582
1162 -583
1163 -584
1164 -585
1165 -586
1166 -587
1167 -588
1168 -589
1169 -590
1170 -590
1171 -591
1172 -592
1173 -593
1174 -594
1175 -595
1176 -595
1177 -596
1178 -597
1179 -598
1180 -599
1181 -599
1182 -600
1183 -601
1184 -602
1185 -602
1186 -603
1187 -604
1188 -604
1189 -605
1190 -606
1191 -606
1192 -607
1193 -608
1194 -608
1195 -609
1196 -610
1197 -610
1198 -611
1199 -611
1200 -612
1201 -612
1202 -613
1203 -614
1204 -614
1205 -615
1206 -615
1207 -616
1208 -616
1209 -617
1210 -617
1211 -617
1212 -618
1213 -618
1214 -619
1215 -619
1216 -620
1217 -620
1218 -620
1219 -621
1220 -621
1221 -621
1222 -622
1223 -622
1224 -622
1225 -623
1226 -623
1227 -623
1228 -624
1229 -624
1230 -624
1231 -625
1232 -625
1233 -625
1234 -625
1235 -625
1236 -626
1237 -626
1238 -626
1239 -626
1240 -627
1241 -627
1242 -627
1243 -627
1244 -627
1245 -627
1246 -628
1247 -628
1248 -628
1249 -628
1250 -628
1251 -629
1252 -629
1253 -629
1254 -629
1255 -629
1256 -629
1257 -629
1258 -630
1259 -630
1260 -630
1261 -630
1262 -630
1263 -630
1264 -631
1265 -631
1266 -631
1267 -631
1268 -631
1269 -632
1270 -632
1271 -632
1272 -632
1273 -632
1274 -633
1275 -633
1276 -633
1277 -633
1278 -634
1279 -634
1280 -634
1281 -634
1282 -635
1283 -635
1284 -635
1285 -635
1286 -636
1287 -636
1288 -636
1289 -637
1290 -637
1291 -637
1292 -638
1293 -638
1294 -638
1295 -639
1296 -639
1297 -639
1298 -640
1299 -640
1300 -641
1301 -641
1302 -642
1303 -642
1304 -642
1305 -643
1306 -643
1307 -644
1308 -644
1309 -645
1310 -645
1311 -646
1312 -646
1313 -647
1314 -647
1315 -648
1316 -648
1317 -649
1318 -649
1319 -650
1320 -650
1321 -651
1322 -652
1323 -652
1324 -653
1325 -653
1326 -654
1327 -655
1328 -655
1329 -656
1330 -656
1331 -657
1332 -658
1333 -658
1334 -659
1335 -660
1336 -660
1337 -661
1338 -662
1339 -662
1340 -663
1341 -664
1342 -664
1343 -665
1344 -666
1345 -667
1346 -667
1347 -668
1348 -669
1349 -670
1350 -670
1351 -671
1352 -672
1353 -673
1354 -673
1355 -674
1356 -675
1357 -676
1358 -676
1359 -677
1360 -678
1361 -679
1362 -679
1363 -680
1364 -681
1365 -682
1366 -683
1367 -683
1368 -684
1369 -685
1370 -686
1371 -687
1372 -687
1373 -688
1374 -689
1375 -690
1376 -691
1377 -691
1378 -692
1379 -693
1380 -694
1381 -695
1382 -696
1383 -696
1384 -697
1385 -698
1386 -699
1387 -700
1388 -700
1389 -701
1390 -702
1391 -703
1392 -704
1393 -704
1394 -705
1395 -706
1396 -707
1397 -708
1398 -709
1399 -709
1400 -710
1401 -711
1402 -712
1403 -713
1404 -713
1405 -714
1406 -715
1407 -716
1408 -717
1409 -718
1410 -718
1411 -719
1412 -720
1413 -721
1414 -722
1415 -723
1416 -723
1417 -724
1418 -725
1419 -726
1420 -727
1421 -728
1422 -728
1423 -729
1424 -730
1425 -731
1426 -732
1427 -733
1428 -734
1429 -735
1430 -735
1431 -736
1432 -737
1433 -738
1434 -739
1435 -740
1436 -741
1437 -742
1438 -743
1439 -744
1440 -745
1441 -745
1442 -746
1443 -747
1444 -748
1445 -749
1446 -750
1447 -751
1448 -752
1449 -753
1450 -754
1451 -755
1452 -756
1453 -757
1454 -758
1455 -759
1456 -760
1457 -761
1458 -762
1459 -763
1460 -764
1461 -765
1462 -766
1463 -767
1464 -768
1465 -769
1466 -770
1467 -771
1468 -772
1469 -773
1470 -774
1471 -775
1472 -776
1473 -777
1474 -778
1475 -779
1476 -780
1477 -781
1478 -782
1479 -783
1480 -784
1481 -785
1482 -786
1483 -787
1484 -788
1485 -789
1486 -790
1487 -791
1488 -792
1489 -793
1490 -794
1491 -795
1492 -796
1493 -797
1494 -798
1495 -799
1496 -800
1497 -800
1498 -801
1499 -802
1500 -803
1501 -804
1502 -805
1503 -806
1504 -806
1505 -807
1506 -808
1507 -809
1508 -809
1509 -810
1510 -811
1511 -812
1512 -812
1513 -813
1514 -814
1515 -815
1516 -815
1517 -816
1518 -816
1519 -817
1520 -818
1521 -818
1522 -819
1523 -819
1524 -820
1525 -821
1526 -821
1527 -822
1528 -822
1529 -823
1530 -823
1531 -824
1532 -824
1533 -825
1534 -825
1535 -825
1536 -826
1537 -826
1538 -827
1539 -827
1540 -827
1541 -828
1542 -828
1543 -828
1544 -829
1545 -829
1546 -829
1547 -829
1548 -830
1549 -830
1550 -830
1551 -831
1552 -831
1553 -831
1554 -831
1555 -831
1556 -832
1557 -832
1558 -832
1559 -832
1560 -832
1561 -832
1562 -833
1563 -833
1564 -833
1565 -833
1566 -833
1567 -833
1568 -833
1569 -833
1570 -833
1571 -833
1572 -834
1573 -834
1574 -834
1575 -834
1576 -834
1577 -834
1578 -834
1579 -834
1580 -834
1581 -834
1582 -834
1583 -834
1584 -834
1585 -834
1586 -834
1587 -834
1588 -834
1589 -834
1590 -834
1591 -834
1592 -834
1593 -834
1594 -834
1595 -834
1596 -834
1597 -834
1598 -834
1599 -834
1600 -834
1601 -834
1602 -834
1603 -834
1604 -834
1605 -834
1606 -834
1607 -834
1608 -833
1609 -833
1610 -833
1611 -833
1612 -833
1613 -833
1614 -833
1615 -833
1616 -833
1617 -833
1618 -833
1619 -833
1620 -833
1621 -833
1622 -832
1623 -832
1624 -832
1625 -832
1626 -832
1627 -832
1628 -832
1629 -832
1630 -832
1631 -832
1632 -832
1633 -831
1634 -831
1635 -831
1636 -831
1637 -831
1638 -831
1639 -831
1640 -831
1641 -831
1642 -830
1643 -830
1644 -830
1645 -830
1646 -830
1647 -830
1648 -830
1649 -829
1650 -829
1651 -829
1652 -829
1653 -829
1654 -829
1655 -829
1656 -828
1657 -828
1658 -828
1659 -828
1660 -828
1661 -828
1662 -827
1663 -827
1664 -827
1665 -827
1666 -827
1667 -826
1668 -826
1669 -826
1670 -826
1671 -826
1672 -825
1673 -825
1674 -825
1675 -825
1676 -824
1677 -824
1678 -824
1679 -824
1680 -823
1681 -823
1682 -823
1683 -823
1684 -822
1685 -822
1686 -822
1687 -822
1688 -821
1689 -821
1690 -821
1691 -820
1692 -820
1693 -820
1694 -819
1695 -819
1696 -819
1697 -818
1698 -818
1699 -818
1700 -817
1701 -817
1702 -817
1703 -816
1704 -816
1705 -815
1706 -815
1707 -815
1708 -814
1709 -814
1710 -814
1711 -813
1712 -813
1713 -812
1714 -812
1715 -811
1716 -811
1717 -811
1718 -810
1719 -810
1720 -809
1721 -809
1722 -809
1723 -808
1724 -808
1725 -807
1726 -807
1727 -807
1728 -806
1729 -806
1730 -805
1731 -805
1732 -804
1733 -804
1734 -804
1735 -803
1736 -803
1737 -802
1738 -802
1739 -802
1740 -801
1741 -801
1742 -801
1743 -800
1744 -800
1745 -800
1746 -799
1747 -799
1748 -799
1749 -798
1750 -798
1751 -798
1752 -797
1753 -797
1754 -797
1755 -797
1756 -796
1757 -796
1758 -796
1759 -796
1760 -795
1761 -795
1762 -795
1763 -795
1764 -794
1765 -794
1766 -794
1767 -794
1768 -794
1769 -794
1770 -794
1771 -793
1772 -793
1773 -793
1774 -793
1775 -793
1776 -793
1777 -793
1778 -793
1779 -793
1780 -793
1781 -793
1782 -793
1783 -793
1784 -793
1785 -793
1786 -793
1787 -793
1788 -793
1789 -793
1790 -793
1791 -793
1792 -793
1793 -793
1794 -793
1795 -793
1796 -793
1797 -793
1798 -793
1799 -793
1800 -793
1801 -793
1802 -793
1803 -793
1804 -793
1805 -794
1806 -794
1807 -794
1808 -794
1809 -794
1810 -794
1811 -794
1812 -794
1813 -794
1814 -794
1815 -795
1816 -795
1817 -795
1818 -795
1819 -795
1820 -795
1821 -795
1822 -795
1823 -795
1824 -796
1825 -796
1826 -796
1827 -796
1828 -796
1829 -796
1830 -796
1831 -796
1832 -796
1833 -796
1834 -797
1835 -797
1836 -797
1837 -797
1838 -797
1839 -797
1840 -797
1841 -797
1842 -797
1843 -797
1844 -797
1845 -797
1846 -797
1847 -797
1848 -797
1849 -798
1850 -798
1851 -798
1852 -798
1853 -798
1854 -798
1855 -798
1856 -798
1857 -798
1858 -798
1859 -798
1860 -798
1861 -798
1862 -798
1863 -798
1864 -798
1865 -798
1866 -798
1867 -798
1868 -798
1869 -798
1870 -798
1871 -797
1872 -797
1873 -797
1874 -797
1875 -797
1876 -797
1877 -797
1878 -797
1879 -797
1880 -797
1881 -797
1882 -797
1883 -797
1884 -797
1885 -797
1886 -797
1887 -797
1888 -796
1889 -796
1890 -796
1891 -796
1892 -796
1893 -796
1894 -796
1895 -796
1896 -796
1897 -796
1898 -796
1899 -796
1900 -795
1901 -795
1902 -795
1903 -795
1904 -795
1905 -795
1906 -795
1907 -795
1908 -795
1909 -795
1910 -795
1911 -794
1912 -794
1913 -794
1914 -794
1915 -794
1916 -794
1917 -794
1918 -794
1919 -794
1920 -794
1921 -793
1922 -793
1923 -793
1924 -793
1925 -793
1926 -793
1927 -793
1928 -793
1929 -793
1930 -792
1931 -792
1932 -792
1933 -792
1934 -792
1935 -792
1936 -792
1937 -792
1938 -791
1939 -791
1940 -791
1941 -791
1942 -791
1943 -791
1944 -791
1945 -790
1946 -790
1947 -790
1948 -790
1949 -790
1950 -790
1951 -789
1952 -789
1953 -789
1954 -789
1955 -789
1956 -788
1957 -788
1958 -788
1959 -788
1960 -788
1961 -787
1962 -787
1963 -787
1964 -787
1965 -787
1966 -787
1967 -786
1968 -786
1969 -786
1970 -786
1971 -786
1972 -785
1973 -785
1974 -785
1975 -785
1976 -785
1977 -785
1978 -784
1979 -784
1980 -784
1981 -784
1982 -784
1983 -784
1984 -783
1985 -783
1986 -783
1987 -783
1988 -783
1989 -783
1990 -783
1991 -783
1992 -782
1993 -782
1994 -782
1995 -782
1996 -782
1997 -782
1998 -782
1999 -782
2000 -782
2001 -782
2002 -782
2003 -782
2004 -782
2005 -782
2006 -782
2007 -782
2008 -782
2009 -782
2010 -782
2011 -782
2012 -782
2013 -782
2014 -782
2015 -782
2016 -782
2017 -782
2018 -782
2019 -783
2020 -783
2021 -783
2022 -783
2023 -783
2024 -783
2025 -783
2026 -783
2027 -784
2028 -784
2029 -784
2030 -784
2031 -784
2032 -785
2033 -785
2034 -785
2035 -785
2036 -785
2037 -786
2038 -786
2039 -786
2040 -786
2041 -787
2042 -787
2043 -787
2044 -787
2045 -788
2046 -788
2047 -788
2048 -789
2049 -789
2050 -789
2051 -789
2052 -790
2053 -790
2054 -790
2055 -790
2056 -791
2057 -791
2058 -791
2059 -792
2060 -792
2061 -792
2062 -792
2063 -793
2064 -793
2065 -793
2066 -793
2067 -794
2068 -794
2069 -794
2070 -795
2071 -795
2072 -795
2073 -795
2074 -795
2075 -796
2076 -796
2077 -796
2078 -796
2079 -797
2080 -797
2081 -797
2082 -797
2083 -797
2084 -798
2085 -798
2086 -798
2087 -798
2088 -798
2089 -798
2090 -799
2091 -799
2092 -799
2093 -799
2094 -799
2095 -799
2096 -799
2097 -799
2098 -799
2099 -800
2100 -800
2101 -800
2102 -800
2103 -800
2104 -800
2105 -800
2106 -800
2107 -800
2108 -800
2109 -800
2110 -800
2111 -800
2112 -800
2113 -800
2114 -800
2115 -800
2116 -800
2117 -800
2118 -800
2119 -800
2120 -800
2121 -800
2122 -800
2123 -800
2124 -800
2125 -799
2126 -799
2127 -799
2128 -799
2129 -799
2130 -799
2131 -799
2132 -799
2133 -799
2134 -799
2135 -799
2136 -799
2137 -798
2138 -798
2139 -798
2140 -798
2141 -798
2142 -798
2143 -798
2144 -798
2145 -798
2146 -798
2147 -798
2148 -797
2149 -797
2150 -797
2151 -797
2152 -797
2153 -797
2154 -797
2155 -797
2156 -797
2157 -797
2158 -797
2159 -797
2160 -796
2161 -796
2162 -796
2163 -796
2164 -796
2165 -796
2166 -796
2167 -796
2168 -796
2169 -796
2170 -796
2171 -796
2172 -796
2173 -796
2174 -796
2175 -796
2176 -796
2177 -796
2178 -796
2179 -796
2180 -796
2181 -796
2182 -796
2183 -796
2184 -796
2185 -796
2186 -796
2187 -796
2188 -796
2189 -796
2190 -796
2191 -796
2192 -796
2193 -796
2194 -796
2195 -796
2196 -797
2197 -797
2198 -797
2199 -797
2200 -797
2201 -797
2202 -797
2203 -797
2204 -798
2205 -798
2206 -798
2207 -798
2208 -798
2209 -798
2210 -799
2211 -799
2212 -799
2213 -799
2214 -799
2215 -800
2216 -800
2217 -800
2218 -800
2219 -801
2220 -801
2221 -801
2222 -801
2223 -802
2224 -802
2225 -802
2226 -803
2227 -803
2228 -803
2229 -804
2230 -804
2231 -804
2232 -804
2233 -805
2234 -805
2235 -805
2236 -806
2237 -806
2238 -806
2239 -807
2240 -807
2241 -807
2242 -808
2243 -808
2244 -809
2245 -809
2246 -809
2247 -810
2248 -810
2249 -810
2250 -811
2251 -811
2252 -811
2253 -812
2254 -812
2255 -812
2256 -813
2257 -813
2258 -813
2259 -814
2260 -814
2261 -814
2262 -815
2263 -815
2264 -815
2265 -816
2266 -816
2267 -816
2268 -817
2269 -817
2270 -817
2271 -818
2272 -818
2273 -818
2274 -819
2275 -819
2276 -819
2277 -820
2278 -820
2279 -820
2280 -820
2281 -821
2282 -821
2283 -821
2284 -822
2285 -822
2286 -822
2287 -822
2288 -823
2289 -823
2290 -823
2291 -824
2292 -824
2293 -824
2294 -824
2295 -825
2296 -825
2297 -825
2298 -825
2299 -826
2300 -826
2301 -826
2302 -826
2303 -827
2304 -827
2305 -827
2306 -828
2307 -828
2308 -828
2309 -828
2310 -829
2311 -829
2312 -829
2313 -829
2314 -830
2315 -830
2316 -830
2317 -831
2318 -831
2319 -831
2320 -831
2321 -832
2322 -832
2323 -832
2324 -833
2325 -833
2326 -833
2327 -833
2328 -834
2329 -834
2330 -834
2331 -835
2332 -835
2333 -835
2334 -835
2335 -836
2336 -836
2337 -836
2338 -837
2339 -837
2340 -837
2341 -837
2342 -838
2343 -838
2344 -838
2345 -838
2346 -839
2347 -839
2348 -839
2349 -840
2350 -840
2351 -840
2352 -840
2353 -841
2354 -841
2355 -841
2356 -841
2357 -842
2358 -842
2359 -842
2360 -842
2361 -842
2362 -843
2363 -843
2364 -843
2365 -843
2366 -844
2367 -844
2368 -844
2369 -844
2370 -844
2371 -845
2372 -845
2373 -845
2374 -845
2375 -845
2376 -846
2377 -846
2378 -846
2379 -846
2380 -846
2381 -846
2382 -847
2383 -847
2384 -847
2385 -847
2386 -847
2387 -847
2388 -848
2389 -848
2390 -848
2391 -848
2392 -848
2393 -848
2394 -848
2395 -848
2396 -849
2397 -849
2398 -849
2399 -849
2400 -849
2401 -849
2402 -849
2403 -849
2404 -850
2405 -850
2406 -850
2407 -850
2408 -850
2409 -850
2410 -850
2411 -850
2412 -851
2413 -851
2414 -851
2415 -851
2416 -851
2417 -851
2418 -851
2419 -851
2420 -851
2421 -852
2422 -852
2423 -852
2424 -852
2425 -852
2426 -852
2427 -852
2428 -852
2429 -852
2430 -853
2431 -853
2432 -853
2433 -853
2434 -853
2435 -853
2436 -853
2437 -853
2438 -854
2439 -854
2440 -854
2441 -854
2442 -854
2443 -854
2444 -854
2445 -854
2446 -854
2447 -855
2448 -855
2449 -855
2450 -855
2451 -855
2452 -855
2453 -855
2454 -855
2455 -856
2456 -856
2457 -856
2458 -856
2459 -856
2460 -856
2461 -856
2462 -857
2463 -857
2464 -857
2465 -857
2466 -857
2467 -857
2468 -857
2469 -857
2470 -858
2471 -858
2472 -858
2473 -858
2474 -858
2475 -858
2476 -858
2477 -859
2478 -859
2479 -859
2480 -859
2481 -859
2482 -859
2483 -859
2484 -859
2485 -860
2486 -860
2487 -860
2488 -860
2489 -860
2490 -860
2491 -860
2492 -861
2493 -861
2494 -861
2495 -861
2496 -861
2497 -861
2498 -861
2499 -862
2500 -862
2501 -862
2502 -862
2503 -862
2504 -862
2505 -862
2506 -863
2507 -863
2508 -863
2509 -863
2510 -863
2511 -863
2512 -864
2513 -864
2514 -864
2515 -864
2516 -864
2517 -864
2518 -864
2519 -865
2520 -865
2521 -865
2522 -865
2523 -865
2524 -865
2525 -865
2526 -866
2527 -866
2528 -866
2529 -866
2530 -866
2531 -866
2532 -867
2533 -867
2534 -867
2535 -867
2536 -867
2537 -867
2538 -867
2539 -868
2540 -868
2541 -868
2542 -868
2543 -868
2544 -868
2545 -868
2546 -869
2547 -869
2548 -869
2549 -869
2550 -869
2551 -869
2552 -869
2553 -869
2554 -870
2555 -870
2556 -870
2557 -870
2558 -870
2559 -870
2560 -870
2561 -871
2562 -871
2563 -871
2564 -871
2565 -871
2566 -871
2567 -871
2568 -871
2569 -871
2570 -872
2571 -872
2572 -872
2573 -872
2574 -872
2575 -872
2576 -872
2577 -872
2578 -872
2579 -873
2580 -873
2581 -873
2582 -873
2583 -873
2584 -873
2585 -873
2586 -873
2587 -873
2588 -873
2589 -873
2590 -874
2591 -874
2592 -874
2593 -874
2594 -874
2595 -874
2596 -874
2597 -874
2598 -874
2599 -874
2600 -874
2601 -874
2602 -874
2603 -875
2604 -875
2605 -875
2606 -875
2607 -875
2608 -875
2609 -875
2610 -875
2611 -875
2612 -875
2613 -875
2614 -876
2615 -876
2616 -876
2617 -876
2618 -876
2619 -876
2620 -876
2621 -876
2622 -876
2623 -876
2624 -877
2625 -877
2626 -877
2627 -877
2628 -877
2629 -877
2630 -877
2631 -878
2632 -878
2633 -878
2634 -878
2635 -878
2636 -879
2637 -879
2638 -879
2639 -879
2640 -879
2641 -880
2642 -880
2643 -880
2644 -880
2645 -881
2646 -881
2647 -881
2648 -881
2649 -882
2650 -882
2651 -882
2652 -883
2653 -883
2654 -883
2655 -884
2656 -884
2657 -884
2658 -885
2659 -885
2660 -885
2661 -886
2662 -886
2663 -887
2664 -887
2665 -888
2666 -888
2667 -888
2668 -889
2669 -889
2670 -890
2671 -890
2672 -891
2673 -891
2674 -892
2675 -892
2676 -893
2677 -893
2678 -894
2679 -894
2680 -895
2681 -895
2682 -896
2683 -896
2684 -897
2685 -898
2686 -898
2687 -899
2688 -899
2689 -900
2690 -900
2691 -901
2692 -902
2693 -902
2694 -903
2695 -903
2696 -904
2697 -905
2698 -905
2699 -906
2700 -906
2701 -907
2702 -908
2703 -908
2704 -909
2705 -909
2706 -910
2707 -911
2708 -911
2709 -912
2710 -912
2711 -913
2712 -914
2713 -914
2714 -915
2715 -915
2716 -916
2717 -917
2718 -917
2719 -918
2720 -918
2721 -919
2722 -920
2723 -920
2724 -921
2725 -921
2726 -922
2727 -922
2728 -923
2729 -923
2730 -924
2731 -924
2732 -925
2733 -925
2734 -926
2735 -926
2736 -927
2737 -927
2738 -928
2739 -928
2740 -929
2741 -929
2742 -930
2743 -930
2744 -931
2745 -931
2746 -931
2747 -932
2748 -932
2749 -933
2750 -933
2751 -933
2752 -934
2753 -934
2754 -934
2755 -935
2756 -935
2757 -935
2758 -936
2759 -936
2760 -936
2761 -937
2762 -937
2763 -937
2764 -937
2765 -937
2766 -938
2767 -938
2768 -938
2769 -938
2770 -938
2771 -939
2772 -939
2773 -939
2774 -939
2775 -939
2776 -939
2777 -939
2778 -939
2779 -939
2780 -940
2781 -940
2782 -940
2783 -940
2784 -940
2785 -940
2786 -940
2787 -940
2788 -940
2789 -940
2790 -940
2791 -939
2792 -939
2793 -939
2794 -939
2795 -939
2796 -939
2797 -939
2798 -939
2799 -939
2800 -938
2801 -938
2802 -938
2803 -938
2804 -938
2805 -937
2806 -937
2807 -937
2808 -937
2809 -936
2810 -936
2811 -936
2812 -936
2813 -935
2814 -935
2815 -935
2816 -934
2817 -934
2818 -934
2819 -933
2820 -933
2821 -933
2822 -932
2823 -932
2824 -932
2825 -931
2826 -931
2827 -931
2828 -930
2829 -930
2830 -929
2831 -929
2832 -929
2833 -928
2834 -928
2835 -928
2836 -927
2837 -927
2838 -926
2839 -926
2840 -925
2841 -925
2842 -925
2843 -924
2844 -924
2845 -923
2846 -923
2847 -923
2848 -922
2849 -922
2850 -921
2851 -921
2852 -920
2853 -920
2854 -920
2855 -919
2856 -919
2857 -918
2858 -918
2859 -918
2860 -917
2861 -917
2862 -916
2863 -916
2864 -915
2865 -915
2866 -915
2867 -914
2868 -914
2869 -913
2870 -913
2871 -913
2872 -912
2873 -912
2874 -911
2875 -911
2876 -910
2877 -910
2878 -910
2879 -909
2880 -909
2881 -908
2882 -908
2883 -908
2884 -907
2885 -907
2886 -906
2887 -906
2888 -905
2889 -905
2890 -904
2891 -904
2892 -904
2893 -903
2894 -903
2895 -902
2896 -902
2897 -901
2898 -901
2899 -900
2900 -900
2901 -899
2902 -899
2903 -898
2904 -898
2905 -897
2906 -897
2907 -896
2908 -896
2909 -895
2910 -895
2911 -894
2912 -894
2913 -893
2914 -893
2915 -892
2916 -892
2917 -891
2918 -891
2919 -890
2920 -890
2921 -889
2922 -888
2923 -888
2924 -887
2925 -887
2926 -886
2927 -886
2928 -885
2929 -885
2930 -884
2931 -883
2932 -883
2933 -882
2934 -882
2935 -881
2936 -881
2937 -880
2938 -880
2939 -879
2940 -879
2941 -878
2942 -877
2943 -877
2944 -876
2945 -876
2946 -875
2947 -875
2948 -874
2949 -874
2950 -873
2951 -873
2952 -872
2953 -872
2954 -871
2955 -871
2956 -871
2957 -870
2958 -870
2959 -869
2960 -869
2961 -868
2962 -868
2963 -868
2964 -867
2965 -867
2966 -867
2967 -866
2968 -866
2969 -866
2970 -865
2971 -865
2972 -865
2973 -864
2974 -864
2975 -864
2976 -863
2977 -863
2978 -863
2979 -863
2980 -862
2981 -862
2982 -862
2983 -862
2984 -862
2985 -861
2986 -861
2987 -861
2988 -861
2989 -861
2990 -861
2991 -861
2992 -861
2993 -860
2994 -860
2995 -860
2996 -860
2997 -860
2998 -860
2999 -860
3000 -860
3001 -860
3002 -860
3003 -860
3004 -860
3005 -860
3006 -860
3007 -860
3008 -860
3009 -860
3010 -860
3011 -860
3012 -861
3013 -861
3014 -861
3015 -861
3016 -861
3017 -861
3018 -861
3019 -862
3020 -862
3021 -862
3022 -862
3023 -862
3024 -863
3025 -863
3026 -863
3027 -863
3028 -863
3029 -864
3030 -864
3031 -864
3032 -865
3033 -865
3034 -865
3035 -866
3036 -866
3037 -866
3038 -867
3039 -867
3040 -867
3041 -868
3042 -868
3043 -869
3044 -869
3045 -869
3046 -870
3047 -870
3048 -871
3049 -871
3050 -872
3051 -872
3052 -873
3053 -873
3054 -874
3055 -874
3056 -875
3057 -875
3058 -876
3059 -876
3060 -877
3061 -877
3062 -878
3063 -879
3064 -879
3065 -880
3066 -880
3067 -881
3068 -882
3069 -882
3070 -883
3071 -883
3072 -884
3073 -885
3074 -885
3075 -886
3076 -887
3077 -887
3078 -888
3079 -888
3080 -889
3081 -890
3082 -890
3083 -891
3084 -892
3085 -892
3086 -893
3087 -894
3088 -894
3089 -895
3090 -896
3091 -896
3092 -897
3093 -898
3094 -898
3095 -899
3096 -900
3097 -900
3098 -901
3099 -902
3100 -902
3101 -903
3102 -904
3103 -904
3104 -905
3105 -906
3106 -906
3107 -907
3108 -908
3109 -908
3110 -909
3111 -910
3112 -910
3113 -911
3114 -912
3115 -912
3116 -913
3117 -914
3118 -914
3119 -915
3120 -915
3121 -916
3122 -917
3123 -917
3124 -918
3125 -919
3126 -919
3127 -920
3128 -920
3129 -921
3130 -922
3131 -922
3132 -923
3133 -923
3134 -924
3135 -925
3136 -925
3137 -926
3138 -926
3139 -927
3140 -928
3141 -928
3142 -929
3143 -929
3144 -930
3145 -931
3146 -931
3147 -932
3148 -932
3149 -933
3150 -933
3151 -934
3152 -935
3153 -935
3154 -936
3155 -936
3156 -937
3157 -938
3158 -938
3159 -939
3160 -939
3161 -940
3162 -940
3163 -941
3164 -942
3165 -942
3166 -943
3167 -943
3168 -944
3169 -944
3170 -945
3171 -946
3172 -946
3173 -947
3174 -947
3175 -948
3176 -948
3177 -949
3178 -950
3179 -950
3180 -951
3181 -951
3182 -952
3183 -952
3184 -953
3185 -953
3186 -954
3187 -955
3188 -955
3189 -956
3190 -956
3191 -957
3192 -957
3193 -958
3194 -958
3195 -959
3196 -959
3197 -960
3198 -960
3199 -961
3200 -961
3201 -962
3202 -962
3203 -963
3204 -963
3205 -964
3206 -964
3207 -965
3208 -965
3209 -966
3210 -966
3211 -967
3212 -967
3213 -968
3214 -968
3215 -968
3216 -969
3217 -969
3218 -970
3219 -970
3220 -970
3221 -971
3222 -971
3223 -971
3224 -972
3225 -972
3226 -972
3227 -973
3228 -973
3229 -973
3230 -973
3231 -974
3232 -974
3233 -974
3234 -974
3235 -975
3236 -975
3237 -975
3238 -975
3239 -976
3240 -976
3241 -976
3242 -976
3243 -976
3244 -976
3245 -976
3246 -977
3247 -977
3248 -977
3249 -977
3250 -977
3251 -977
3252 -977
3253 -977
3254 -977
3255 -977
3256 -977
3257 -977
3258 -977
3259 -978
3260 -978
3261 -978
3262 -978
3263 -978
3264 -978
3265 -978
3266 -977
3267 -977
3268 -977
3269 -977
3270 -977
3271 -977
3272 -977
3273 -977
3274 -977
3275 -977
3276 -977
3277 -977
3278 -977
3279 -977
3280 -977
3281 -976
3282 -976
3283 -976
3284 -976
3285 -976
3286 -976
3287 -976
3288 -975
3289 -975
3290 -975
3291 -975
3292 -975
3293 -975
3294 -974
3295 -974
3296 -974
3297 -974
3298 -974
3299 -973
3300 -973
3301 -973
3302 -973
3303 -972
3304 -972
3305 -972
3306 -972
3307 -971
3308 -971
3309 -971
3310 -971
3311 -970
3312 -970
3313 -970
3314 -970
3315 -969
3316 -969
3317 -969
3318 -968
3319 -968
3320 -968
3321 -967
3322 -967
3323 -967
3324 -966
3325 -966
3326 -966
3327 -965
3328 -965
3329 -965
3330 -964
3331 -964
3332 -964
3333 -963
3334 -963
3335 -962
3336 -962
3337 -962
3338 -961
3339 -961
3340 -961
3341 -960
3342 -960
3343 -960
3344 -959
3345 -959
3346 -958
3347 -958
3348 -958
3349 -957
3350 -957
3351 -957
3352 -956
3353 -956
3354 -956
3355 -955
3356 -955
3357 -955
3358 -954
3359 -954
3360 -954
3361 -953
3362 -953
3363 -953
3364 -952
3365 -952
3366 -952
3367 -952
3368 -951
3369 -951
3370 -951
3371 -951
3372 -950
3373 -950
3374 -950
3375 -950
3376 -949
3377 -949
3378 -949
3379 -949
3380 -948
3381 -948
3382 -948
3383 -948
3384 -948
3385 -948
3386 -947
3387 -947
3388 -947
3389 -947
3390 -947
3391 -947
3392 -946
3393 -946
3394 -946
3395 -946
3396 -946
3397 -946
3398 -946
3399 -945
3400 -945
3401 -945
3402 -945
3403 -945
3404 -945
3405 -945
3406 -945
3407 -945
3408 -945
3409 -944
3410 -944
3411 -944
3412 -944
3413 -944
3414 -944
3415 -944
3416 -944
3417 -944
3418 -944
3419 -944
3420 -944
3421 -944
3422 -944
3423 -943
3424 -943
3425 -943
3426 -943
3427 -943
3428 -943
3429 -943
3430 -943
3431 -943
3432 -943
3433 -943
3434 -943
3435 -943
3436 -943
3437 -943
3438 -943
3439 -943
3440 -942
3441 -942
3442 -942
3443 -942
3444 -942
3445 -942
3446 -942
3447 -942
3448 -942
3449 -942
3450 -942
3451 -942
3452 -942
3453 -942
3454 -942
3455 -942
3456 -942
3457 -942
3458 -942
3459 -942
3460 -941
3461 -941
3462 -941
3463 -941
3464 -941
3465 -941
3466 -941
3467 -941
3468 -941
3469 -941
3470 -941
3471 -941
3472 -941
3473 -941
3474 -941
3475 -941
3476 -941
3477 -941
3478 -941
3479 -941
3480 -941
3481 -941
3482 -941
3483 -941
3484 -941
3485 -941
3486 -941
3487 -941
3488 -941
3489 -941
3490 -941
3491 -941
3492 -942
3493 -942
3494 -942
3495 -942
3496 -942
3497 -942
3498 -942
3499 -942
3500 -942
3501 -942
3502 -942
3503 -943
3504 -943
3505 -943
3506 -943
3507 -943
3508 -943
3509 -943
3510 -944
3511 -944
3512 -944
3513 -944
3514 -944
3515 -944
3516 -945
3517 -945
3518 -945
3519 -945
3520 -945
3521 -945
3522 -946
3523 -946
3524 -946
3525 -946
3526 -946
3527 -947
3528 -947
3529 -947
3530 -947
3531 -948
3532 -948
3533 -948
3534 -948
3535 -948
3536 -949
3537 -949
3538 -949
3539 -949
3540 -949
3541 -950
3542 -950
3543 -950
3544 -950
3545 -950
3546 -951
3547 -951
3548 -951
3549 -951
3550 -951
3551 -952
3552 -952
3553 -952
3554 -952
3555 -952
3556 -952
3557 -953
3558 -953
3559 -953
3560 -953
3561 -953
3562 -953
3563 -954
3564 -954
3565 -954
3566 -954
3567 -954
3568 -954
3569 -954
3570 -955
3571 -955
3572 -955
3573 -955
3574 -955
3575 -955
3576 -955
3577 -955
3578 -956
3579 -956
3580 -956
3581 -956
3582 -956
3583 -956
3584 -956
3585 -956
3586 -956
3587 -957
3588 -957
3589 -957
3590 -957
3591 -957
3592 -957
3593 -957
3594 -957
3595 -957
3596 -957
3597 -957
3598 -958
3599 -958
3600 -958
3601 -958
3602 -958
3603 -958
3604 -958
3605 -958
3606 -958
3607 -958
3608 -958
3609 -958
3610 -958
3611 -958
3612 -959
3613 -959
3614 -959
3615 -959
3616 -959
3617 -959
3618 -959
3619 -959
3620 -959
3621 -959
3622 -959
3623 -959
3624 -959
3625 -959
3626 -959
3627 -959
3628 -959
3629 -959
3630 -959
3631 -959
3632 -959
3633 -959
3634 -959
3635 -959
3636 -959
3637 -959
3638 -959
3639 -959
3640 -959
3641 -959
3642 -959
3643 -959
3644 -959
3645 -959
3646 -959
3647 -959
3648 -959
3649 -959
3650 -959
3651 -959
3652 -959
3653 -959
3654 -959
3655 -959
3656 -959
3657 -959
3658 -959
3659 -959
3660 -959
3661 -959
3662 -959
3663 -959
3664 -959
3665 -959
3666 -959
3667 -959
3668 -959
3669 -959
3670 -959
3671 -959
3672 -959
3673 -959
3674 -959
3675 -959
3676 -959
3677 -959
3678 -959
3679 -959
3680 -959
3681 -959
3682 -959
3683 -959
3684 -959
3685 -959
3686 -958
3687 -958
3688 -958
3689 -958
3690 -958
3691 -958
3692 -958
3693 -958
3694 -958
3695 -958
3696 -958
3697 -958
3698 -958
3699 -958
3700 -958
3701 -958
3702 -958
3703 -958
3704 -958
3705 -957
3706 -957
3707 -957
3708 -957
3709 -957
3710 -957
3711 -957
3712 -957
3713 -957
3714 -957
3715 -957
3716 -957
3717 -956
3718 -956
3719 -956
3720 -956
3721 -956
3722 -956
3723 -956
3724 -956
3725 -955
3726 -955
3727 -955
3728 -955
3729 -955
3730 -955
3731 -955
3732 -954
3733 -954
3734 -954
3735 -954
3736 -954
3737 -954
3738 -953
3739 -953
3740 -953
3741 -953
3742 -952
3743 -952
3744 -952
3745 -952
3746 -951
3747 -951
3748 -951
3749 -951
3750 -950
3751 -950
3752 -950
3753 -950
3754 -949
3755 -949
3756 -949
3757 -948
3758 -948
3759 -948
3760 -947
3761 -947
3762 -947
3763 -946
3764 -946
3765 -945
3766 -945
3767 -945
3768 -944
3769 -944
3770 -943
3771 -943
3772 -943
3773 -942
3774 -942
3775 -941
3776 -941
3777 -941
3778 -940
3779 -940
3780 -939
3781 -939
3782 -938
3783 -938
3784 -937
3785 -937
3786 -937
3787 -936
3788 -936
3789 -935
3790 -935
3791 -934
3792 -934
3793 -933
3794 -933
3795 -932
3796 -932
3797 -932
3798 -931
3799 -931
3800 -930
3801 -930
3802 -929
3803 -929
3804 -929
3805 -928
3806 -928
3807 -927
3808 -927
3809 -927
3810 -926
3811 -926
3812 -925
3813 -925
3814 -925
3815 -924
3816 -924
3817 -923
3818 -923
3819 -923
3820 -922
3821 -922
3822 -922
3823 -921
3824 -921
3825 -921
3826 -920
3827 -920
3828 -920
3829 -920
3830 -919
3831 -919
3832 -919
3833 -918
3834 -918
3835 -918
3836 -918
3837 -917
3838 -917
3839 -917
3840 -917
3841 -916
3842 -916
3843 -916
3844 -916
3845 -915
3846 -915
3847 -915
3848 -915
3849 -915
3850 -914
3851 -914
3852 -914
3853 -914
3854 -913
3855 -913
3856 -913
3857 -913
3858 -912
3859 -912
3860 -912
3861 -912
3862 -911
3863 -911
3864 -911
3865 -910
3866 -910
3867 -910
3868 -910
3869 -909
3870 -909
3871 -909
3872 -908
3873 -908
3874 -908
3875 -907
3876 -907
3877 -907
3878 -906
3879 -906
3880 -906
3881 -905
3882 -905
3883 -904
3884 -904
3885 -904
3886 -903
3887 -903
3888 -902
3889 -902
3890 -901
3891 -901
3892 -901
3893 -900
3894 -900
3895 -899
3896 -899
3897 -898
3898 -898
3899 -897
3900 -897
3901 -896
3902 -896
3903 -895
3904 -895
3905 -894
3906 -894
3907 -893
3908 -893
3909 -892
3910 -892
3911 -891
3912 -891
3913 -890
3914 -890
3915 -889
3916 -889
3917 -888
3918 -888
3919 -887
3920 -887
3921 -886
3922 -886
3923 -885
3924 -885
3925 -884
3926 -884
3927 -884
3928 -883
3929 -883
3930 -882
3931 -882
3932 -881
3933 -881
3934 -880
3935 -880
3936 -880
3937 -879
3938 -879
3939 -878
3940 -878
3941 -878
3942 -877
3943 -877
3944 -877
3945 -876
3946 -876
3947 -876
3948 -875
3949 -875
3950 -875
3951 -874
3952 -874
3953 -874
3954 -874
3955 -873
3956 -873
3957 -873
3958 -873
3959 -872
3960 -872
3961 -872
3962 -872
3963 -872
3964 -871
3965 -871
3966 -871
3967 -871
3968 -871
3969 -871
3970 -870
3971 -870
3972 -870
3973 -870
3974 -870
3975 -870
3976 -870
3977 -870
3978 -869
3979 -869
3980 -869
3981 -869
3982 -869
3983 -869
3984 -869
3985 -869
3986 -869
3987 -869
3988 -869
3989 -869
3990 -869
3991 -869
3992 -869
3993 -869
3994 -869
3995 -869
3996 -869
3997 -869
3998 -869
3999 -869
4000 -869
4001 -869
4002 -869
4003 -869
4004 -870
4005 -870
4006 -870
4007 -870
4008 -870
4009 -870
4010 -870
4011 -870
4012 -871
4013 -871
4014 -871
4015 -871
4016 -871
4017 -872
4018 -872
4019 -872
4020 -872
4021 -872
4022 -873
4023 -873
4024 -873
4025 -873
4026 -873
4027 -874
4028 -874
4029 -874
4030 -874
4031 -875
4032 -875
4033 -875
4034 -875
4035 -876
4036 -876
4037 -876
4038 -876
4039 -877
4040 -877
4041 -877
4042 -877
4043 -878
4044 -878
4045 -878
4046 -878
4047 -879
4048 -879
4049 -879
4050 -879
4051 -880
4052 -880
4053 -880
4054 -880
4055 -880
4056 -881
4057 -881
4058 -881
4059 -881
4060 -881
4061 -881
4062 -882
4063 -882
4064 -882
4065 -882
4066 -882
4067 -882
4068 -882
4069 -883
4070 -883
4071 -883
4072 -883
4073 -883
4074 -883
4075 -883
4076 -883
4077 -883
4078 -884
4079 -884
4080 -884
4081 -884
4082 -884
4083 -884
4084 -884
4085 -884
4086 -884
4087 -884
4088 -884
4089 -884
4090 -884
4091 -884
4092 -884
4093 -885
4094 -885
4095 -885
4096 -885
4097 -885
4098 -885
4099 -885
4100 -885
4101 -885
4102 -885
4103 -885
4104 -885
4105 -885
4106 -885
4107 -885
4108 -886
4109 -886
4110 -886
4111 -886
4112 -886
4113 -886
4114 -886
4115 -886
4116 -886
4117 -886
4118 -887
4119 -887
4120 -887
4121 -887
4122 -887
4123 -887
4124 -887
4125 -887
4126 -888
4127 -888
4128 -888
4129 -888
4130 -888
4131 -888
4132 -888
4133 -889
4134 -889
4135 -889
4136 -889
4137 -889
4138 -889
4139 -890
4140 -890
4141 -890
4142 -890
4143 -890
4144 -890
4145 -890
4146 -891
4147 -891
4148 -891
4149 -891
4150 -891
4151 -891
4152 -891
4153 -892
4154 -892
4155 -892
4156 -892
4157 -892
4158 -892
4159 -892
4160 -892
4161 -893
4162 -893
4163 -893
4164 -893
4165 -893
4166 -893
4167 -893
4168 -893
4169 -893
4170 -893
4171 -893
4172 -893
4173 -893
4174 -893
4175 -893
4176 -893
4177 -893
4178 -893
4179 -893
4180 -893
4181 -893
4182 -892
4183 -892
4184 -892
4185 -892
4186 -892
4187 -892
4188 -892
4189 -891
4190 -891
4191 -891
4192 -891
4193 -891
4194 -890
4195 -890
4196 -890
4197 -890
4198 -889
4199 -889
4200 -889
4201 -888
4202 -888
4203 -888
4204 -887
4205 -887
4206 -887
4207 -886
4208 -886
4209 -886
4210 -885
4211 -885
4212 -884
4213 -884
4214 -884
4215 -883
4216 -883
4217 -882
4218 -882
4219 -881
4220 -881
4221 -881
4222 -880
4223 -880
4224 -879
4225 -879
4226 -878
4227 -878
4228 -877
4229 -877
4230 -877
4231 -876
4232 -876
4233 -875
4234 -875
4235 -874
4236 -874
4237 -874
4238 -873
4239 -873
4240 -873
4241 -872
4242 -872
4243 -871
4244 -871
4245 -871
4246 -870
4247 -870
4248 -870
4249 -869
4250 -869
4251 -869
4252 -869
4253 -868
4254 -868
4255 -868
4256 -868
4257 -867
4258 -867
4259 -867
4260 -867
4261 -867
4262 -866
4263 -866
4264 -866
4265 -866
4266 -866
4267 -866
4268 -866
4269 -866
4270 -866
4271 -866
4272 -865
4273 -865
4274 -865
4275 -865
4276 -865
4277 -865
4278 -865
4279 -865
4280 -865
4281 -866
4282 -866
4283 -866
4284 -866
4285 -866
4286 -866
4287 -866
4288 -866
4289 -866
4290 -866
4291 -866
4292 -866
4293 -867
4294 -867
4295 -867
4296 -867
4297 -867
4298 -867
4299 -867
4300 -868
4301 -868
4302 -868
4303 -868
4304 -868
4305 -868
4306 -869
4307 -869
4308 -869
4309 -869
4310 -869
4311 -870
4312 -870
4313 -870
4314 -870
4315 -870
4316 -871
4317 -871
4318 -871
4319 -871
4320 -871
4321 -872
4322 -872
4323 -872
4324 -872
4325 -872
4326 -873
4327 -873
4328 -873
4329 -873
4330 -874
4331 -874
4332 -874
4333 -874
4334 -874
4335 -875
4336 -875
4337 -875
4338 -875
4339 -876
4340 -876
4341 -876
4342 -876
4343 -876
4344 -877
4345 -877
4346 -877
4347 -877
4348 -878
4349 -878
4350 -878
4351 -878
4352 -878
4353 -879
4354 -879
4355 -879
4356 -879
4357 -880
4358 -880
4359 -880
4360 -880
4361 -880
4362 -881
4363 -881
4364 -881
4365 -881
4366 -881
4367 -881
4368 -882
4369 -882
4370 -882
4371 -882
4372 -882
4373 -882
4374 -883
4375 -883
4376 -883
4377 -883
4378 -883
4379 -883
4380 -883
4381 -884
4382 -884
4383 -884
4384 -884
4385 -884
4386 -884
4387 -884
4388 -884
4389 -884
4390 -884
4391 -884
4392 -884
4393 -884
4394 -884
4395 -885
4396 -885
4397 -885
4398 -885
4399 -885
4400 -885
4401 -885
4402 -885
4403 -885
4404 -885
4405 -885
4406 -885
4407 -885
4408 -885
4409 -885
4410 -885
4411 -885
4412 -885
4413 -884
4414 -884
4415 -884
4416 -884
4417 -884
4418 -884
4419 -884
4420 -884
4421 -884
4422 -884
4423 -884
4424 -884
4425 -884
4426 -884
4427 -884
4428 -884
4429 -884
4430 -884
4431 -884
4432 -884
4433 -884
4434 -884
4435 -884
4436 -884
4437 -884
4438 -884
4439 -884
4440 -884
4441 -884
4442 -884
4443 -884
4444 -884
4445 -884
4446 -884
4447 -884
4448 -884
4449 -884
4450 -884
4451 -884
4452 -884
4453 -884
4454 -884
4455 -884
4456 -884
4457 -884
4458 -884
4459 -884
4460 -884
4461 -884
4462 -884
4463 -884
4464 -884
4465 -885
4466 -885
4467 -885
4468 -885
4469 -885
4470 -885
4471 -885
4472 -885
4473 -885
4474 -885
4475 -885
4476 -886
4477 -886
4478 -886
4479 -886
4480 -886
4481 -886
4482 -886
4483 -886
4484 -886
4485 -887
4486 -887
4487 -887
4488 -887
4489 -887
4490 -887
4491 -887
4492 -888
4493 -888
4494 -888
4495 -888
4496 -888
4497 -888
4498 -888
4499 -889
4500 -889
4501 -889
4502 -889
4503 -889
4504 -889
4505 -890
4506 -890
4507 -890
4508 -890
4509 -890
4510 -890
4511 -891
4512 -891
4513 -891
4514 -891
4515 -891
4516 -891
4517 -892
4518 -892
4519 -892
4520 -892
4521 -892
4522 -893
4523 -893
4524 -893
4525 -893
4526 -893
4527 -894
4528 -894
4529 -894
4530 -894
4531 -894
4532 -895
4533 -895
4534 -895
4535 -895
4536 -896
4537 -896
4538 -896
4539 -896
4540 -896
4541 -897
4542 -897
4543 -897
4544 -897
4545 -898
4546 -898
4547 -898
4548 -899
4549 -899
4550 -899
4551 -899
4552 -900
4553 -900
4554 -900
4555 -901
4556 -901
4557 -901
4558 -901
4559 -902
4560 -902
4561 -902
4562 -903
4563 -903
4564 -903
4565 -904
4566 -904
4567 -904
4568 -905
4569 -905
4570 -905
4571 -906
4572 -906
4573 -907
4574 -907
4575 -907
4576 -908
4577 -908
4578 -908
4579 -909
4580 -909
4581 -910
4582 -910
4583 -910
4584 -911
4585 -911
4586 -911
4587 -912
4588 -912
4589 -913
4590 -913
4591 -913
4592 -914
4593 -914
4594 -915
4595 -915
4596 -915
4597 -916
4598 -916
4599 -917
4600 -917
4601 -918
4602 -918
4603 -918
4604 -919
4605 -919
4606 -920
4607 -920
4608 -920
4609 -921
4610 -921
4611 -922
4612 -922
4613 -922
4614 -923
4615 -923
4616 -924
4617 -924
4618 -925
4619 -925
4620 -925
4621 -926
4622 -926
4623 -927
4624 -927
4625 -927
4626 -928
4627 -928
4628 -929
4629 -929
4630 -930
4631 -930
4632 -930
4633 -931
4634 -931
4635 -932
4636 -932
4637 -932
4638 -933
4639 -933
4640 -934
4641 -934
4642 -935
4643 -935
4644 -935
4645 -936
4646 -936
4647 -937
4648 -937
4649 -938
4650 -938
4651 -938
4652 -939
4653 -939
4654 -940
4655 -940
4656 -940
4657 -941
4658 -941
4659 -942
4660 -942
4661 -943
4662 -943
4663 -943
4664 -944
4665 -944
4666 -945
4667 -945
4668 -945
4669 -946
4670 -946
4671 -946
4672 -947
4673 -947
4674 -948
4675 -948
4676 -948
4677 -949
4678 -949
4679 -949
4680 -950
4681 -950
4682 -950
4683 -951
4684 -951
4685 -951
4686 -952
4687 -952
4688 -952
4689 -953
4690 -953
4691 -953
4692 -954
4693 -954
4694 -954
4695 -954
4696 -955
4697 -955
4698 -955
4699 -956
4700 -956
4701 -956
4702 -956
4703 -957
4704 -957
4705 -957
4706 -957
4707 -958
4708 -958
4709 -958
4710 -958
4711 -959
4712 -959
4713 -959
4714 -959
4715 -959
4716 -960
4717 -960
4718 -960
4719 -960
4720 -961
4721 -961
4722 -961
4723 -961
4724 -961
4725 -962
4726 -962
4727 -962
4728 -962
4729 -962
4730 -963
4731 -963
4732 -963
4733 -963
4734 -963
4735 -964
4736 -964
4737 -964
4738 -964
4739 -964
4740 -964
4741 -965
4742 -965
4743 -965
4744 -965
4745 -965
4746 -965
4747 -965
4748 -966
4749 -966
4750 -966
4751 -966
4752 -966
4753 -966
4754 -966
4755 -966
4756 -967
4757 -967
4758 -967
4759 -967
4760 -967
4761 -967
4762 -967
4763 -967
4764 -967
4765 -967
4766 -967
4767 -967
4768 -967
4769 -967
4770 -967
4771 -967
4772 -967
4773 -967
4774 -967
4775 -967
4776 -967
4777 -967
4778 -967
4779 -967
4780 -967
4781 -967
4782 -967
4783 -967
4784 -967
4785 -966
4786 -966
4787 -966
4788 -966
4789 -966
4790 -966
4791 -966
4792 -965
4793 -965
4794 -965
4795 -965
4796 -965
4797 -964
4798 -964
4799 -964
4800 -964
4801 -963
4802 -963
4803 -963
4804 -962
4805 -962
4806 -962
4807 -961
4808 -961
4809 -961
4810 -960
4811 -960
4812 -960
4813 -959
4814 -959
4815 -959
4816 -958
4817 -958
4818 -957
4819 -957
4820 -956
4821 -956
4822 -956
4823 -955
4824 -955
4825 -954
4826 -954
4827 -953
4828 -953
4829 -952
4830 -952
4831 -951
4832 -951
4833 -950
4834 -950
4835 -949
4836 -948
4837 -948
4838 -947
4839 -947
4840 -946
4841 -946
4842 -945
4843 -945
4844 -944
4845 -943
4846 -943
4847 -942
4848 -942
4849 -941
4850 -940
4851 -940
4852 -939
4853 -939
4854 -938
4855 -938
4856 -937
4857 -936
4858 -936
4859 -935
4860 -935
4861 -934
4862 -933
4863 -933
4864 -932
4865 -932
4866 -931
4867 -930
4868 -930
4869 -929
4870 -929
4871 -928
4872 -928
4873 -927
4874 -926
4875 -926
4876 -925
4877 -925
4878 -924
4879 -924
4880 -923
4881 -923
4882 -922
4883 -922
4884 -921
4885 -921
4886 -920
4887 -920
4888 -919
4889 -919
4890 -918
4891 -918
4892 -917
4893 -917
4894 -916
4895 -916
4896 -915
4897 -915
4898 -914
4899 -914
4900 -914
4901 -913
4902 -913
4903 -912
4904 -912
4905 -911
4906 -911
4907 -911
4908 -910
4909 -910
4910 -910
4911 -909
4912 -909
4913 -908
4914 -908
4915 -908
4916 -907
4917 -907
4918 -907
4919 -906
4920 -906
4921 -906
4922 -905
4923 -905
4924 -905
4925 -905
4926 -904
4927 -904
4928 -904
4929 -903
4930 -903
4931 -903
4932 -903
4933 -902
4934 -902
4935 -902
4936 -901
4937 -901
4938 -901
4939 -901
4940 -900
4941 -900
4942 -900
4943 -900
4944 -899
4945 -899
4946 -899
4947 -899
4948 -898
4949 -898
4950 -898
4951 -898
4952 -897
4953 -897
4954 -897
4955 -897
4956 -897
4957 -896
4958 -896
4959 -896
4960 -896
4961 -895
4962 -895
4963 -895
4964 -895
4965 -894
4966 -894
4967 -894
4968 -894
4969 -893
4970 -893
4971 -893
4972 -893
4973 -892
4974 -892
4975 -892
4976 -892
4977 -891
4978 -891
4979 -891
4980 -890
4981 -890
4982 -890
4983 -890
4984 -889
4985 -889
4986 -889
4987 -888
4988 -888
4989 -888
4990 -888
4991 -887
4992 -887
4993 -887
4994 -886
4995 -886
4996 -886
4997 -885
4998 -885
4999 -885
5000 -884
5001 -884
5002 -884
5003 -883
5004 -883
5005 -882
5006 -882
5007 -882
5008 -881
5009 -881
5010 -881
5011 -880
5012 -880
5013 -879
5014 -879
5015 -879
5016 -878
5017 -878
5018 -878
5019 -877
5020 -877
5021 -876
5022 -876
5023 -876
5024 -875
5025 -875
5026 -874
5027 -874
5028 -874
5029 -873
5030 -873
5031 -873
5032 -872
5033 -872
5034 -871
5035 -871
5036 -871
5037 -870
5038 -870
5039 -870
5040 -869
5041 -869
5042 -869
5043 -868
5044 -868
5045 -868
5046 -867
5047 -867
5048 -867
5049 -867
5050 -866
5051 -866
5052 -866
5053 -865
5054 -865
5055 -865
5056 -865
5057 -864
5058 -864
5059 -864
5060 -864
5061 -864
5062 -863
5063 -863
5064 -863
5065 -863
5066 -863
5067 -862
5068 -862
5069 -862
5070 -862
5071 -862
5072 -862
5073 -861
5074 -861
5075 -861
5076 -861
5077 -861
5078 -861
5079 -861
5080 -860
5081 -860
5082 -860
5083 -860
5084 -860
5085 -860
5086 -860
5087 -860
5088 -860
5089 -860
5090 -859
5091 -859
5092 -859
5093 -859
5094 -859
5095 -859
5096 -859
5097 -859
5098 -859
5099 -859
5100 -859
5101 -859
5102 -859
5103 -858
5104 -858
5105 -858
5106 -858
5107 -858
5108 -858
5109 -858
5110 -858
5111 -858
5112 -858
5113 -858
5114 -858
5115 -858
5116 -858
5117 -857
5118 -857
5119 -857
5120 -857
5121 -857
5122 -857
5123 -857
5124 -857
5125 -857
5126 -857
5127 -857
5128 -857
5129 -857
5130 -857
5131 -857
5132 -857
5133 -857
5134 -856
5135 -856
5136 -856
5137 -856
5138 -856
5139 -856
5140 -856
5141 -856
5142 -856
5143 -856
5144 -856
5145 -856
5146 -856
5147 -856
5148 -856
5149 -856
5150 -856
5151 -856
5152 -856
5153 -856
5154 -856
5155 -856
5156 -856
5157 -856
5158 -856
5159 -856
5160 -856
5161 -856
5162 -856
5163 -856
5164 -856
5165 -856
5166 -855
5167 -855
5168 -855
5169 -855
5170 -855
5171 -855
5172 -855
5173 -856
5174 -856
5175 -856
5176 -856
5177 -856
5178 -856
5179 -856
5180 -856
5181 -856
5182 -856
5183 -856
5184 -856
5185 -856
5186 -856
5187 -856
5188 -856
5189 -856
5190 -856
5191 -856
5192 -856
5193 -856
5194 -856
5195 -856
5196 -856
5197 -856
5198 -856
5199 -856
5200 -856
5201 -856
5202 -857
5203 -857
5204 -857
5205 -857
5206 -857
5207 -857
5208 -857
5209 -857
5210 -857
5211 -857
5212 -857
5213 -857
5214 -857
5215 -857
5216 -858
5217 -858
5218 -858
5219 -858
5220 -858
5221 -858
5222 -858
5223 -858
5224 -858
5225 -858
5226 -858
5227 -858
5228 -858
5229 -858
5230 -859
5231 -859
5232 -859
5233 -859
5234 -859
5235 -859
5236 -859
5237 -859
5238 -859
5239 -859
5240 -859
5241 -859
5242 -859
5243 -859
5244 -859
5245 -859
5246 -859
5247 -859
5248 -859
5249 -859
5250 -859
5251 -859
5252 -859
5253 -859
5254 -859
5255 -859
5256 -859
5257 -859
5258 -859
5259 -859
5260 -859
5261 -859
5262 -859
5263 -859
5264 -859
5265 -859
5266 -859
5267 -859
5268 -859
5269 -859
5270 -858
5271 -858
5272 -858
5273 -858
5274 -858
5275 -858
5276 -858
5277 -858
5278 -857
5279 -857
5280 -857
5281 -857
5282 -857
5283 -857
5284 -856
5285 -856
5286 -856
5287 -856
5288 -856
5289 -856
5290 -855
5291 -855
5292 -855
5293 -855
5294 -855
5295 -854
5296 -854
5297 -854
5298 -854
5299 -854
5300 -853
5301 -853
5302 -853
5303 -853
5304 -853
5305 -852
5306 -852
5307 -852
5308 -852
5309 -852
5310 -852
5311 -851
5312 -851
5313 -851
5314 -851
5315 -851
5316 -851
5317 -850
5318 -850
5319 -850
5320 -850
5321 -850
5322 -850
5323 -849
5324 -849
5325 -849
5326 -849
5327 -849
5328 -849
5329 -849
5330 -849
5331 -849
5332 -849
5333 -848
5334 -848
5335 -848
5336 -848
5337 -848
5338 -848
5339 -848
5340 -848
5341 -848
5342 -848
5343 -848
5344 -848
5345 -848
5346 -848
5347 -848
5348 -848
5349 -848
5350 -848
5351 -848
5352 -848
5353 -848
5354 -848
5355 -848
5356 -849
5357 -849
5358 -849
5359 -849
5360 -849
5361 -849
5362 -849
5363 -849
5364 -849
5365 -849
5366 -850
5367 -850
5368 -850
5369 -850
5370 -850
5371 -850
5372 -851
5373 -851
5374 -851
5375 -851
5376 -851
5377 -851
5378 -852
5379 -852
5380 -852
5381 -852
5382 -852
5383 -853
5384 -853
5385 -853
5386 -853
5387 -854
5388 -854
5389 -854
5390 -854
5391 -855
5392 -855
5393 -855
5394 -855
5395 -856
5396 -856
5397 -856
5398 -857
5399 -857
5400 -857
5401 -857
5402 -858
5403 -858
5404 -858
5405 -859
5406 -859
5407 -859
5408 -860
5409 -860
5410 -860
5411 -861
5412 -861
5413 -861
5414 -862
5415 -862
5416 -862
5417 -863
5418 -863
5419 -863
5420 -864
5421 -864
5422 -865
5423 -865
5424 -865
5425 -866
5426 -866
5427 -866
5428 -867
5429 -867
5430 -868
5431 -868
5432 -869
5433 -869
5434 -869
5435 -870
5436 -870
5437 -871
5438 -871
5439 -872
5440 -872
5441 -872
5442 -873
5443 -873
5444 -874
5445 -874
5446 -875
5447 -875
5448 -876
5449 -876
5450 -877
5451 -877
5452 -878
5453 -878
5454 -879
5455 -879
5456 -880
5457 -880
5458 -881
5459 -881
5460 -882
5461 -882
5462 -883
5463 -883
5464 -884
5465 -884
5466 -885
5467 -885
5468 -886
5469 -886
5470 -887
5471 -887
5472 -888
5473 -888
5474 -889
5475 -890
5476 -890
5477 -891
5478 -891
5479 -892
5480 -892
5481 -893
5482 -894
5483 -894
5484 -895
5485 -895
5486 -896
5487 -896
5488 -897
5489 -898
5490 -898
5491 -899
5492 -899
5493 -900
5494 -900
5495 -901
5496 -902
5497 -902
5498 -903
5499 -903
5500 -904
5501 -905
5502 -905
5503 -906
5504 -906
5505 -907
5506 -908
5507 -908
5508 -909
5509 -909
5510 -910
5511 -910
5512 -911
5513 -912
5514 -912
5515 -913
5516 -913
5517 -914
5518 -914
5519 -915
5520 -915
5521 -916
5522 -916
5523 -917
5524 -917
5525 -918
5526 -918
5527 -919
5528 -919
5529 -920
5530 -920
5531 -921
5532 -921
5533 -922
5534 -922
5535 -922
5536 -923
5537 -923
5538 -924
5539 -924
5540 -924
5541 -925
5542 -925
5543 -926
5544 -926
5545 -926
5546 -927
5547 -927
5548 -927
5549 -927
5550 -928
5551 -928
5552 -928
5553 -929
5554 -929
5555 -929
5556 -929
5557 -929
5558 -930
5559 -930
5560 -930
5561 -930
5562 -930
5563 -931
5564 -931
5565 -931
5566 -931
5567 -931
5568 -931
5569 -931
5570 -932
5571 -932
5572 -932
5573 -932
5574 -932
5575 -932
5576 -932
5577 -932
5578 -932
5579 -932
5580 -932
5581 -932
5582 -932
5583 -932
5584 -933
5585 -933
5586 -933
5587 -933
5588 -933
5589 -933
5590 -933
5591 -933
5592 -933
5593 -933
5594 -933
5595 -933
5596 -933
5597 -933
5598 -933
5599 -933
5600 -933
5601 -933
5602 -933
5603 -933
5604 -933
5605 -934
5606 -934
5607 -934
5608 -934
5609 -934
5610 -934
5611 -934
5612 -934
5613 -934
5614 -934
5615 -934
5616 -935
5617 -935
5618 -935
5619 -935
5620 -935
5621 -935
5622 -935
5623 -936
5624 -936
5625 -936
5626 -936
5627 -936
5628 -937
5629 -937
5630 -937
5631 -937
5632 -937
5633 -938
5634 -938
5635 -938
5636 -938
5637 -939
5638 -939
5639 -939
5640 -939
5641 -940
5642 -940
5643 -940
5644 -940
5645 -941
5646 -941
5647 -941
5648 -942
5649 -942
5650 -942
5651 -942
5652 -943
5653 -943
5654 -943
5655 -944
5656 -944
5657 -944
5658 -945
5659 -945
5660 -945
5661 -946
5662 -946
5663 -946
5664 -947
5665 -947
5666 -947
5667 -948
5668 -948
5669 -948
5670 -949
5671 -949
5672 -949
5673 -950
5674 -950
5675 -950
5676 -951
5677 -951
5678 -951
5679 -952
5680 -952
5681 -952
5682 -953
5683 -953
5684 -953
5685 -954
5686 -954
5687 -954
5688 -954
5689 -955
5690 -955
5691 -955
5692 -955
5693 -956
5694 -956
5695 -956
5696 -956
5697 -957
5698 -957
5699 -957
5700 -957
5701 -957
5702 -957
5703 -958
5704 -958
5705 -958
5706 -958
5707 -958
5708 -958
5709 -958
5710 -958
5711 -958
5712 -958
5713 -958
5714 -958
5715 -959
5716 -959
5717 -958
5718 -958
5719 -958
5720 -958
5721 -958
5722 -958
5723 -958
5724 -958
5725 -958
5726 -958
5727 -958
5728 -958
5729 -957
5730 -957
5731 -957
5732 -957
5733 -957
5734 -957
5735 -956
5736 -956
5737 -956
5738 -956
5739 -955
5740 -955
5741 -955
5742 -955
5743 -954
5744 -954
5745 -954
5746 -953
5747 -953
5748 -953
5749 -952
5750 -952
5751 -952
5752 -951
5753 -951
5754 -951
5755 -950
5756 -950
5757 -950
5758 -949
5759 -949
5760 -949
5761 -948
5762 -948
5763 -948
5764 -947
5765 -947
5766 -946
5767 -946
5768 -946
5769 -945
5770 -945
5771 -945
5772 -944
5773 -944
5774 -944
5775 -943
5776 -943
5777 -942
5778 -942
5779 -942
5780 -941
5781 -941
5782 -941
5783 -940
5784 -940
5785 -940
5786 -939
5787 -939
5788 -939
5789 -938
5790 -938
5791 -938
5792 -937
5793 -937
5794 -937
5795 -937
5796 -936
5797 -936
5798 -936
5799 -936
5800 -935
5801 -935
5802 -935
5803 -935
5804 -934
5805 -934
5806 -934
5807 -934
5808 -933
5809 -933
5810 -933
5811 -933
5812 -933
5813 -933
5814 -932
5815 -932
5816 -932
5817 -932
5818 -932
5819 -932
5820 -932
5821 -931
5822 -931
5823 -931
5824 -931
5825 -931
5826 -931
5827 -931
5828 -931
5829 -931
5830 -931
5831 -931
5832 -931
5833 -931
5834 -931
5835 -931
5836 -931
5837 -931
5838 -931
5839 -931
5840 -931
5841 -931
5842 -931
5843 -931
5844 -931
5845 -931
5846 -931
5847 -931
5848 -931
5849 -931
5850 -931
5851 -932
5852 -932
5853 -932
5854 -932
5855 -932
5856 -932
5857 -932
5858 -933
5859 -933
5860 -933
5861 -933
5862 -933
5863 -934
5864 -934
5865 -934
5866 -934
5867 -935
5868 -935
5869 -935
5870 -935
5871 -936
5872 -936
5873 -936
5874 -936
5875 -937
5876 -937
5877 -937
5878 -938
5879 -938
5880 -938
5881 -939
5882 -939
5883 -939
5884 -940
5885 -940
5886 -940
5887 -941
5888 -941
5889 -941
5890 -942
5891 -942
5892 -943
5893 -943
5894 -943
5895 -944
5896 -944
5897 -945
5898 -945
5899 -945
5900 -946
5901 -946
5902 -947
5903 -947
5904 -948
5905 -948
5906 -948
5907 -949
5908 -949
5909 -950
5910 -950
5911 -951
5912 -951
5913 -951
5914 -952
5915 -952
5916 -953
5917 -953
5918 -954
5919 -954
5920 -955
5921 -955
5922 -956
5923 -956
5924 -957
5925 -957
5926 -958
5927 -958
5928 -958
5929 -959
5930 -959
5931 -960
5932 -960
5933 -961
5934 -961
5935 -962
5936 -962
5937 -963
5938 -963
5939 -964
5940 -964
5941 -965
5942 -965
5943 -966
5944 -966
5945 -967
5946 -967
5947 -968
5948 -968
5949 -969
5950 -969
5951 -969
5952 -970
5953 -970
5954 -971
5955 -971
5956 -972
5957 -972
5958 -973
5959 -973
5960 -974
5961 -974
5962 -974
5963 -975
5964 -975
5965 -976
5966 -976
5967 -977
5968 -977
5969 -977
5970 -978
5971 -978
5972 -979
5973 -979
5974 -979
5975 -980
5976 -980
5977 -981
5978 -981
5979 -981
5980 -982
5981 -982
5982 -982
5983 -983
5984 -983
5985 -983
5986 -983
5987 -984
5988 -984
5989 -984
5990 -985
5991 -985
5992 -985
5993 -985
5994 -985
5995 -986
5996 -986
5997 -986
5998 -986
5999 -986
6000 -987
6001 -987
6002 -987
6003 -987
6004 -987
6005 -987
6006 -987
6007 -987
6008 -987
6009 -987
6010 -987
6011 -987
6012 -988
6013 -988
6014 -988
6015 -988
6016 -988
6017 -987
6018 -987
6019 -987
6020 -987
6021 -987
6022 -987
6023 -987
6024 -987
6025 -987
6026 -987
6027 -987
6028 -987
6029 -987
6030 -986
6031 -986
6032 -986
6033 -986
6034 -986
6035 -986
6036 -985
6037 -985
6038 -985
6039 -985
6040 -985
6041 -984
6042 -984
6043 -984
6044 -984
6045 -984
6046 -983
6047 -983
6048 -983
6049 -983
6050 -982
6051 -982
6052 -982
6053 -982
6054 -981
6055 -981
6056 -981
6057 -981
6058 -980
6059 -980
6060 -980
6061 -980
6062 -979
6063 -979
6064 -979
6065 -979
6066 -978
6067 -978
6068 -978
6069 -978
6070 -977
6071 -977
6072 -977
6073 -977
6074 -976
6075 -976
6076 -976
6077 -976
6078 -975
6079 -975
6080 -975
6081 -974
6082 -974
6083 -974
6084 -974
6085 -973
6086 -973
6087 -973
6088 -973
6089 -972
6090 -972
6091 -972
6092 -972
6093 -971
6094 -971
6095 -971
6096 -971
6097 -970
6098 -970
6099 -970
6100 -970
6101 -969
6102 -969
6103 -969
6104 -969
6105 -968
6106 -968
6107 -968
6108 -968
6109 -967
6110 -967
6111 -967
6112 -967
6113 -966
6114 -966
6115 -966
6116 -966
6117 -965
6118 -965
6119 -965
6120 -965
6121 -964
6122 -964
6123 -964
6124 -964
6125 -964
6126 -963
6127 -963
6128 -963
6129 -963
6130 -962
6131 -962
6132 -962
6133 -962
6134 -961
6135 -961
6136 -961
6137 -961
6138 -961
6139 -960
6140 -960
6141 -960
6142 -960
6143 -959
6144 -959
6145 -959
6146 -959
6147 -959
6148 -958
6149 -958
6150 -958
6151 -958
6152 -957
6153 -957
6154 -957
6155 -957
6156 -957
6157 -956
6158 -956
6159 -956
6160 -956
6161 -956
6162 -955
6163 -955
6164 -955
6165 -955
6166 -955
6167 -954
6168 -954
6169 -954
6170 -954
6171 -953
6172 -953
6173 -953
6174 -953
6175 -953
6176 -952
6177 -952
6178 -952
6179 -952
6180 -952
6181 -951
6182 -951
6183 -951
6184 -951
6185 -950
6186 -950
6187 -950
6188 -950
6189 -949
6190 -949
6191 -949
6192 -949
6193 -948
6194 -948
6195 -948
6196 -948
6197 -947
6198 -947
6199 -947
6200 -947
6201 -946
6202 -946
6203 -946
6204 -946
6205 -945
6206 -945
6207 -945
6208 -945
6209 -944
6210 -944
6211 -944
6212 -944
6213 -943
6214 -943
6215 -943
6216 -943
6217 -942
6218 -942
6219 -942
6220 -942
6221 -941
6222 -941
6223 -941
6224 -941
6225 -940
6226 -940
6227 -940
6228 -940
6229 -940
6230 -939
6231 -939
6232 -939
6233 -939
6234 -938
6235 -938
6236 -938
6237 -938
6238 -938
6239 -937
6240 -937
6241 -937
6242 -937
6243 -937
6244 -936
6245 -936
6246 -936
6247 -936
6248 -936
6249 -936
6250 -935
6251 -935
6252 -935
6253 -935
6254 -935
6255 -935
6256 -935
6257 -934
6258 -934
6259 -934
6260 -934
6261 -934
6262 -934
6263 -934
6264 -934
6265 -933
6266 -933
6267 -933
6268 -933
6269 -933
6270 -933
6271 -933
6272 -933
6273 -932
6274 -932
6275 -932
6276 -932
6277 -932
6278 -932
6279 -932
6280 -932
6281 -931
6282 -931
6283 -931
6284 -931
6285 -931
6286 -931
6287 -931
6288 -931
6289 -931
6290 -930
6291 -930
6292 -930
6293 -930
6294 -930
6295 -930
6296 -930
6297 -929
6298 -929
6299 -929
6300 -929
6301 -929
6302 -929
6303 -929
6304 -928
6305 -928
6306 -928
6307 -928
6308 -928
6309 -928
6310 -928
6311 -927
6312 -927
6313 -927
6314 -927
6315 -927
6316 -926
6317 -926
6318 -926
6319 -926
6320 -926
6321 -926
6322 -925
6323 -925
6324 -925
6325 -925
6326 -925
6327 -924
6328 -924
6329 -924
6330 -924
6331 -924
6332 -924
6333 -923
6334 -923
6335 -923
6336 -923
6337 -923
6338 -922
6339 -922
6340 -922
6341 -922
6342 -922
6343 -922
6344 -921
6345 -921
6346 -921
6347 -921
6348 -921
6349 -921
6350 -920
6351 -920
6352 -920
6353 -920
6354 -920
6355 -920
6356 -920
6357 -920
6358 -919
6359 -919
6360 -919
6361 -919
6362 -919
6363 -919
6364 -919
6365 -919
6366 -919
6367 -919
6368 -919
6369 -919
6370 -919
6371 -919
6372 -919
6373 -919
6374 -919
6375 -919
6376 -919
6377 -919
6378 -919
6379 -919
6380 -919
6381 -919
6382 -919
6383 -919
6384 -919
6385 -919
6386 -919
6387 -920
6388 -920
6389 -920
6390 -920
6391 -920
6392 -920
6393 -920
6394 -921
6395 -921
6396 -921
6397 -921
6398 -921
6399 -922
6400 -922
6401 -922
6402 -922
6403 -923
6404 -923
6405 -923
6406 -923
6407 -924
6408 -924
6409 -924
6410 -925
6411 -925
6412 -925
6413 -925
6414 -926
6415 -926
6416 -926
6417 -927
6418 -927
6419 -927
6420 -928
6421 -928
6422 -928
6423 -929
6424 -929
6425 -930
6426 -930
6427 -930
6428 -931
6429 -931
6430 -931
6431 -932
6432 -932
6433 -932
6434 -933
6435 -933
6436 -934
6437 -934
6438 -934
6439 -935
6440 -935
6441 -935
6442 -936
6443 -936
6444 -936
6445 -937
6446 -937
6447 -937
6448 -938
6449 -938
6450 -938
6451 -939
6452 -939
6453 -939
6454 -940
6455 -940
6456 -940
6457 -941
6458 -941
6459 -941
6460 -941
6461 -942
6462 -942
6463 -942
6464 -942
6465 -943
6466 -943
6467 -943
6468 -943
6469 -943
6470 -944
6471 -944
6472 -944
6473 -944
6474 -944
6475 -944
6476 -944
6477 -945
6478 -945
6479 -945
6480 -945
6481 -945
6482 -945
6483 -945
6484 -945
6485 -945
6486 -945
6487 -945
6488 -945
6489 -945
6490 -945
6491 -945
6492 -945
6493 -944
6494 -944
6495 -944
6496 -944
6497 -944
6498 -944
6499 -943
6500 -943
6501 -943
6502 -943
6503 -942
6504 -942
6505 -942
6506 -942
6507 -941
6508 -941
6509 -941
6510 -940
6511 -940
6512 -939
6513 -939
6514 -939
6515 -938
6516 -938
6517 -937
6518 -937
6519 -936
6520 -936
6521 -935
6522 -935
6523 -934
6524 -934
6525 -933
6526 -932
6527 -932
6528 -931
6529 -931
6530 -930
6531 -929
6532 -929
6533 -928
6534 -928
6535 -927
6536 -926
6537 -926
6538 -925
6539 -924
6540 -923
6541 -923
6542 -922
6543 -921
6544 -921
6545 -920
6546 -919
6547 -918
6548 -918
6549 -917
6550 -916
6551 -915
6552 -915
6553 -914
6554 -913
6555 -912
6556 -912
6557 -911
6558 -910
6559 -909
6560 -909
6561 -908
6562 -907
6563 -906
6564 -906
6565 -905
6566 -904
6567 -903
6568 -903
6569 -902
6570 -901
6571 -900
6572 -900
6573 -899
6574 -898
6575 -897
6576 -897
6577 -896
6578 -895
6579 -894
6580 -894
6581 -893
6582 -892
6583 -892
6584 -891
6585 -890
6586 -889
6587 -889
6588 -888
6589 -887
6590 -887
6591 -886
6592 -885
6593 -885
6594 -884
6595 -883
6596 -883
6597 -882
6598 -882
6599 -881
6600 -880
6601 -880
6602 -879
6603 -878
6604 -878
6605 -877
6606 -876
6607 -876
6608 -875
6609 -875
6610 -874
6611 -873
6612 -873
6613 -872
6614 -872
6615 -871
6616 -870
6617 -870
6618 -869
6619 -869
6620 -868
6621 -868
6622 -867
6623 -866
6624 -866
6625 -865
6626 -865
6627 -864
6628 -863
6629 -863
6630 -862
6631 -862
6632 -861
6633 -860
6634 -860
6635 -859
6636 -859
6637 -858
6638 -857
6639 -857
6640 -856
6641 -856
6642 -855
6643 -854
6644 -854
6645 -853
6646 -852
6647 -852
6648 -851
6649 -850
6650 -850
6651 -849
6652 -848
6653 -848
6654 -847
6655 -846
6656 -846
6657 -845
6658 -844
6659 -844
6660 -843
6661 -842
6662 -841
6663 -841
6664 -840
6665 -839
6666 -838
6667 -838
6668 -837
6669 -836
6670 -835
6671 -834
6672 -834
6673 -833
6674 -832
6675 -831
6676 -830
6677 -829
6678 -829
6679 -828
6680 -827
6681 -826
6682 -825
6683 -824
6684 -823
6685 -822
6686 -821
6687 -821
6688 -820
6689 -819
6690 -818
6691 -817
6692 -816
6693 -815
6694 -814
6695 -813
6696 -812
6697 -811
6698 -810
6699 -809
6700 -808
6701 -807
6702 -806
6703 -805
6704 -805
6705 -804
6706 -803
6707 -802
6708 -801
6709 -800
6710 -799
6711 -798
6712 -797
6713 -796
6714 -795
6715 -794
6716 -793
6717 -792
6718 -791
6719 -790
6720 -789
6721 -788
6722 -787
6723 -786
6724 -785
6725 -784
6726 -783
6727 -782
6728 -781
6729 -780
6730 -779
6731 -778
6732 -777
6733 -776
6734 -775
6735 -774
6736 -773
6737 -772
6738 -771
6739 -770
6740 -769
6741 -768
6742 -767
6743 -766
6744 -765
6745 -764
6746 -763
6747 -763
6748 -762
6749 -761
6750 -760
6751 -759
6752 -758
6753 -757
6754 -756
6755 -755
6756 -754
6757 -753
6758 -752
6759 -751
6760 -750
6761 -749
6762 -748
6763 -747
6764 -746
6765 -745
6766 -744
6767 -743
6768 -742
6769 -741
6770 -740
6771 -739
6772 -738
6773 -737
6774 -736
6775 -735
6776 -734
6777 -733
6778 -732
6779 -731
6780 -730
6781 -729
6782 -728
6783 -727
6784 -726
6785 -724
6786 -723
6787 -722
6788 -721
6789 -720
6790 -719
6791 -718
6792 -717
6793 -716
6794 -715
6795 -714
6796 -713
6797 -712
6798 -710
6799 -709
6800 -708
6801 -707
6802 -706
6803 -705
6804 -704
6805 -703
6806 -702
6807 -700
6808 -699
6809 -698
6810 -697
6811 -696
6812 -695
6813 -693
6814 -692
6815 -691
6816 -690
6817 -689
6818 -688
6819 -686
6820 -685
6821 -684
6822 -683
6823 -682
6824 -680
6825 -679
6826 -678
6827 -677
6828 -675
6829 -674
6830 -673
6831 -672
6832 -670
6833 -669
6834 -668
6835 -667
6836 -665
6837 -664
6838 -663
6839 -661
6840 -660
6841 -659
6842 -658
6843 -656
6844 -655
6845 -654
6846 -652
6847 -651
6848 -650
6849 -648
6850 -647
6851 -646
6852 -644
6853 -643
6854 -642
6855 -640
6856 -639
6857 -637
6858 -636
6859 -635
6860 -633
6861 -632
6862 -631
6863 -629
6864 -628
6865 -626
6866 -625
6867 -624
6868 -622
6869 -621
6870 -619
6871 -618
6872 -617
6873 -615
6874 -614
6875 -612
6876 -611
6877 -609
6878 -608
6879 -607
6880 -605
6881 -604
6882 -602
6883 -601
6884 -600
6885 -598
6886 -597
6887 -595
6888 -594
6889 -592
6890 -591
6891 -590
6892 -588
6893 -587
6894 -585
6895 -584
6896 -582
6897 -581
6898 -580
6899 -578
6900 -577
6901 -575
6902 -574
6903 -573
6904 -571
6905 -570
6906 -568
6907 -567
6908 -565
6909 -564
6910 -563
6911 -561
6912 -560
6913 -558
6914 -557
6915 -556
6916 -554
6917 -553
6918 -551
6919 -550
6920 -549
6921 -547
6922 -546
6923 -544
6924 -543
6925 -542
6926 -540
6927 -539
6928 -537
6929 -536
6930 -535
6931 -533
6932 -532
6933 -531
6934 -529
6935 -528
6936 -526
6937 -525
6938 -524
6939 -522
6940 -521
6941 -520
6942 -518
6943 -517
6944 -516
6945 -514
6946 -513
6947 -512
6948 -510
6949 -509
6950 -508
6951 -506
6952 -505
6953 -504
6954 -502
6955 -501
6956 -500
6957 -498
6958 -497
6959 -496
6960 -494
6961 -493
6962 -492
6963 -490
6964 -489
6965 -488
6966 -487
6967 -485
6968 -484
6969 -483
6970 -481
6971 -480
6972 -479
6973 -477
6974 -476
6975 -475
6976 -473
6977 -472
6978 -471
6979 -470
6980 -468
6981 -467
6982 -466
6983 -464
6984 -463
6985 -462
6986 -460
6987 -459
6988 -458
6989 -456
6990 -455
6991 -454
6992 -452
6993 -451
6994 -450
6995 -448
6996 -447
6997 -445
6998 -444
6999 -443
7000 -441
7001 -440
7002 -439
7003 -437
7004 -436
7005 -434
7006 -433
7007 -432
7008 -430
7009 -429
7010 -427
7011 -426
7012 -425
7013 -423
7014 -422
7015 -420
7016 -419
7017 -417
7018 -416
7019 -414
7020 -413
7021 -412
7022 -410
7023 -409
7024 -407
7025 -406
7026 -404
7027 -403
7028 -401
7029 -400
7030 -398
7031 -397
7032 -395
7033 -394
7034 -392
7035 -391
7036 -389
7037 -388
7038 -386
7039 -384
7040 -383
7041 -381
7042 -380
7043 -378
7044 -377
7045 -375
7046 -373
7047 -372
7048 -370
7049 -369
7050 -367
7051 -365
7052 -364
7053 -362
7054 -361
7055 -359
7056 -357
7057 -356
7058 -354
7059 -352
7060 -351
7061 -349
7062 -347
7063 -346
7064 -344
7065 -342
7066 -341
7067 -339
7068 -337
7069 -336
7070 -334
7071 -332
7072 -331
7073 -329
7074 -327
7075 -325
7076 -324
7077 -322
7078 -320
7079 -318
7080 -317
7081 -315
7082 -313
7083 -311
7084 -310
7085 -308
7086 -306
7087 -305
7088 -303
7089 -301
7090 -299
7091 -298
7092 -296
7093 -294
7094 -292
7095 -291
7096 -289
7097 -287
7098 -285
7099 -284
7100 -282
7101 -280
7102 -278
7103 -277
7104 -275
7105 -273
7106 -272
7107 -270
7108 -268
7109 -267
7110 -265
7111 -263
7112 -261
7113 -260
7114 -258
7115 -256
7116 -255
7117 -253
7118 -251
7119 -250
7120 -248
7121 -246
7122 -245
7123 -243
7124 -241
7125 -240
7126 -238
7127 -236
7128 -235
7129 -233
7130 -232
7131 -230
7132 -228
7133 -227
7134 -225
7135 -223
7136 -222
7137 -220
7138 -218
7139 -217
7140 -215
7141 -213
7142 -212
7143 -210
7144 -208
7145 -206
7146 -205
7147 -203
7148 -201
7149 -200
7150 -198
7151 -196
7152 -194
7153 -192
7154 -191
7155 -189
7156 -187
7157 -185
7158 -183
7159 -182
7160 -180
7161 -178
7162 -176
7163 -174
7164 -172
7165 -170
7166 -168
7167 -166
7168 -164
7169 -162
7170 -160
7171 -158
7172 -156
7173 -154
7174 -152
7175 -150
7176 -148
7177 -146
7178 -144
7179 -142
7180 -139
7181 -137
7182 -135
7183 -133
7184 -131
7185 -128
7186 -126
7187 -124
7188 -121
7189 -119
7190 -117
7191 -114
7192 -112
7193 -109
7194 -107
7195 -105
7196 -102
7197 -100
7198 -97
7199 -95
7200 -92
7201 -90
7202 -87
7203 -84
7204 -82
7205 -79
7206 -77
7207 -74
7208 -71
7209 -68
7210 -66
7211 -63
7212 -60
7213 -58
7214 -55
7215 -52
7216 -49
7217 -46
7218 -43
7219 -41
7220 -38
7221 -35
7222 -32
7223 -29
7224 -26
7225 -23
7226 -20
7227 -17
7228 -14
7229 -11
7230 -8
7231 -5
7232 -2
7233 0
7234 3
7235 6
7236 9
7237 12
7238 15
7239 19
7240 22
7241 25
7242 28
7243 31
7244 34
7245 38
7246 41
7247 44
7248 47
7249 51
7250 54
7251 57
7252 60
7253 64
7254 67
7255 70
7256 74
7257 77
7258 80
7259 84
7260 87
7261 90
7262 94
7263 97
7264 100
7265 104
7266 107
7267 111
7268 114
7269 117
7270 121
7271 124
7272 128
7273 131
7274 135
7275 138
7276 142
7277 145
7278 148
7279 152
7280 155
7281 159
7282 162
7283 166
7284 169
7285 173
7286 176
7287 180
7288 183
7289 187
7290 190
7291 194
7292 198
7293 201
7294 205
7295 208
7296 212
7297 215
7298 219
7299 222
7300 226
7301 230
7302 233
7303 237
7304 240
7305 244
7306 248
7307 251
7308 255
7309 259
7310 262
7311 266
7312 270
7313 273
7314 277
7315 281
7316 285
7317 288
7318 292
7319 296
7320 300
7321 303
7322 307
7323 311
7324 315
7325 319
7326 322
7327 326
7328 330
7329 334
7330 338
7331 342
7332 346
7333 350
7334 354
7335 358
7336 362
7337 366
7338 370
7339 374
7340 378
7341 382
7342 386
7343 390
7344 394
7345 399
7346 403
7347 407
7348 411
7349 415
7350 420
7351 424
7352 428
7353 433
7354 437
7355 441
7356 446
7357 450
7358 455
7359 459
7360 464
7361 468
7362 473
7363 477
7364 482
7365 487
7366 491
7367 496
7368 501
7369 505
7370 510
7371 515
7372 520
7373 524
7374 529
7375 534
7376 539
7377 544
7378 549
7379 554
7380 559
7381 564
7382 569
7383 574
7384 579
7385 584
7386 589
7387 594
7388 599
7389 605
7390 610
7391 615
7392 620
7393 625
7394 631
7395 636
7396 641
7397 647
7398 652
7399 657
7400 663
7401 668
7402 673
7403 679
7404 684
7405 690
7406 695
7407 700
7408 706
7409 711
7410 717
7411 722
7412 728
7413 733
7414 738
7415 744
7416 749
7417 755
7418 760
7419 766
7420 771
7421 777
7422 782
7423 788
7424 793
7425 798
7426 804
7427 809
7428 815
7429 820
7430 826
7431 831
7432 837
7433 842
7434 847
7435 853
7436 858
7437 864
7438 869
7439 874
7440 880
7441 885
7442 891
7443 896
7444 901
7445 907
7446 912
7447 917
7448 923
7449 928
7450 933
7451 939
7452 944
7453 950
7454 955
7455 960
7456 966
7457 971
7458 976
7459 982
7460 987
7461 992
7462 998
7463 1003
7464 1009
7465 1014
7466 1019
7467 1025
7468 1030
7469 1036
7470 1041
7471 1046
7472 1052
7473 1057
7474 1063
7475 1068
7476 1074
7477 1079
7478 1085
7479 1090
7480 1096
7481 1101
7482 1107
7483 1113
7484 1118
7485 1124
7486 1129
7487 1135
7488 1141
7489 1146
7490 1152
7491 1158
7492 1164
7493 1169
7494 1175
7495 1181
7496 1187
7497 1192
7498 1198
7499 1204
7500 1210
7501 1216
7502 1222
7503 1228
7504 1234
7505 1240
7506 1246
7507 1252
7508 1258
7509 1264
7510 1270
7511 1276
7512 1282
7513 1288
7514 1294
7515 1300
7516 1306
7517 1312
7518 1318
7519 1325
7520 1331
7521 1337
7522 1343
7523 1349
7524 1356
7525 1362
7526 1368
7527 1375
7528 1381
7529 1387
7530 1394
7531 1400
7532 1406
7533 1413
7534 1419
7535 1426
7536 1432
7537 1439
7538 1445
7539 1452
7540 1458
7541 1465
7542 1471
7543 1478
7544 1484
7545 1491
7546 1498
7547 1504
7548 1511
7549 1518
7550 1525
7551 1531
7552 1538
7553 1545
7554 1552
7555 1559
7556 1566
7557 1572
7558 1579
7559 1586
7560 1593
7561 1600
7562 1608
7563 1615
7564 1622
7565 1629
7566 1636
7567 1643
7568 1651
7569 1658
7570 1665
7571 1673
7572 1680
7573 1688
7574 1695
7575 1703
7576 1710
7577 1718
7578 1725
7579 1733
7580 1741
7581 1749
7582 1756
7583 1764
7584 1772
7585 1780
7586 1788
7587 1796
7588 1804
7589 1812
7590 1821
7591 1829
7592 1837
7593 1845
7594 1854
7595 1862
7596 1871
7597 1879
7598 1888
7599 1896
7600 1905
7601 1914
7602 1922
7603 1931
7604 1940
7605 1949
7606 1958
7607 1967
7608 1976
7609 1985
7610 1994
7611 2003
7612 2012
7613 2022
7614 2031
7615 2040
7616 2050
7617 2059
7618 2069
7619 2078
7620 2088
7621 2097
7622 2107
7623 2116
7624 2126
7625 2136
7626 2146
7627 2155
7628 2165
7629 2175
7630 2185
7631 2195
7632 2205
7633 2215
7634 2225
7635 2235
7636 2245
7637 2255
7638 2265
7639 2275
7640 2285
7641 2295
7642 2306
7643 2316
7644 2326
7645 2336
7646 2346
7647 2357
7648 2367
7649 2377
7650 2387
7651 2398
7652 2408
7653 2418
7654 2428
7655 2439
7656 2449
7657 2459
7658 2469
7659 2479
7660 2490
7661 2500
7662 2510
7663 2520
7664 2530
7665 2540
7666 2551
7667 2561
7668 2571
7669 2581
7670 2591
7671 2601
7672 2611
7673 2621
7674 2630
7675 2640
7676 2650
7677 2660
7678 2670
7679 2679
7680 2689
7681 2699
7682 2708
7683 2718
7684 2727
7685 2737
7686 2746
7687 2756
7688 2765
7689 2774
7690 2783
7691 2793
7692 2802
7693 2811
7694 2820
7695 2829
7696 2838
7697 2847
7698 2856
7699 2864
7700 2873
7701 2882
7702 2890
7703 2899
7704 2908
7705 2916
7706 2925
7707 2933
7708 2941
7709 2950
7710 2958
7711 2966
7712 2974
7713 2982
7714 2990
7715 2998
7716 3006
7717 3014
7718 3022
7719 3030
7720 3038
7721 3046
7722 3054
7723 3061
7724 3069
7725 3077
7726 3084
7727 3092
7728 3100
7729 3107
7730 3115
7731 3122
7732 3130
7733 3137
7734 3145
7735 3152
7736 3160
7737 3167
7738 3174
7739 3182
7740 3189
7741 3197
7742 3204
7743 3211
7744 3219
7745 3226
7746 3234
7747 3241
7748 3248
7749 3256
7750 3263
7751 3271
7752 3278
7753 3285
7754 3293
7755 3300
7756 3308
7757 3315
7758 3323
7759 3330
7760 3338
7761 3346
7762 3353
7763 3361
7764 3369
7765 3376
7766 3384
7767 3392
7768 3400
7769 3408
7770 3416
7771 3424
7772 3432
7773 3440
7774 3448
7775 3456
7776 3464
7777 3473
7778 3481
7779 3489
7780 3498
7781 3506
7782 3515
7783 3523
7784 3532
7785 3541
7786 3550
7787 3558
7788 3567
7789 3576
7790 3585
7791 3595
7792 3604
7793 3613
7794 3622
7795 3632
7796 3641
7797 3651
7798 3660
7799 3670
7800 3680
7801 3689
7802 3699
7803 3709
7804 3719
7805 3729
7806 3739
7807 3750
7808 3760
7809 3770
7810 3781
7811 3791
7812 3802
7813 3813
7814 3823
7815 3834
7816 3845
7817 3856
7818 3867
7819 3878
7820 3889
7821 3901
7822 3912
7823 3923
7824 3935
7825 3946
7826 3958
7827 3970
7828 3981
7829 3993
7830 4005
7831 4017
7832 4029
7833 4041
7834 4053
7835 4066
7836 4078
7837 4090
7838 4103
7839 4115
7840 4128
7841 4141
7842 4153
7843 4166
7844 4179
7845 4192
7846 4205
7847 4218
7848 4232
7849 4245
7850 4258
7851 4272
7852 4285
7853 4299
7854 4312
7855 4326
7856 4340
7857 4354
7858 4368
7859 4382
7860 4396
7861 4410
7862 4425
7863 4439
7864 4454
7865 4468
7866 4483
7867 4498
7868 4512
7869 4527
7870 4542
7871 4557
7872 4573
7873 4588
7874 4603
7875 4619
7876 4634
7877 4650
7878 4666
7879 4682
7880 4697
7881 4714
7882 4730
7883 4746
7884 4762
7885 4779
7886 4795
7887 4812
7888 4828
7889 4845
7890 4862
7891 4879
7892 4896
7893 4913
7894 4931
7895 4948
7896 4966
7897 4983
7898 5001
7899 5018
7900 5036
7901 5054
7902 5072
7903 5090
7904 5109
7905 5127
7906 5145
7907 5164
7908 5182
7909 5201
7910 5219
7911 5238
7912 5257
7913 5276
7914 5295
7915 5314
7916 5333
7917 5352
7918 5371
7919 5390
7920 5409
7921 5429
7922 5448
7923 5468
7924 5487
7925 5506
7926 5526
7927 5545
7928 5565
7929 5584
7930 5604
7931 5623
7932 5643
7933 5662
7934 5682
7935 5701
7936 5721
7937 5740
7938 5760
7939 5779
7940 5798
7941 5818
7942 5837
7943 5856
7944 5875
7945 5894
7946 5913
7947 5931
7948 5950
7949 5968
7950 5987
7951 6005
7952 6023
7953 6041
7954 6059
7955 6077
7956 6094
7957 6111
7958 6128
7959 6145
7960 6162
7961 6179
7962 6195
7963 6211
7964 6227
7965 6242
7966 6258
7967 6273
7968 6288
7969 6302
7970 6317
7971 6330
7972 6344
7973 6358
7974 6371
7975 6383
7976 6396
7977 6408
7978 6420
7979 6431
7980 6442
7981 6453
7982 6463
7983 6473
7984 6483
7985 6492
7986 6501
7987 6509
7988 6517
7989 6525
7990 6532
7991 6539
7992 6545
7993 6551
7994 6557
7995 6562
7996 6567
7997 6571
7998 6575
7999 6579
