103993    2.429897187097984222e-06
207986    7.593428712459876396e-08
311979    9.999576911395557096e-09
415972    2.372946476117054760e-09
519965    7.775671021476453583e-10
623958    3.124867795102498312e-10
727951    1.445764979666090849e-10
831944    7.415457781282588453e-11
935937    4.115052263051604274e-11
1039930   2.429897216440789556e-11
1143923   1.508774998394931288e-11
1247916   9.765211988337657377e-12
1351909   6.544419735604590698e-12
1455902   4.518015642467459164e-12
1559895   3.199864695953627471e-12
1663888   2.317330610921799705e-12
1767881   1.711367604243858246e-12
1871874   1.285953870319877933e-12
1975867   9.813409293405047188e-13
2079860   7.593429079244943036e-13
2183853   5.949650406565491886e-13
2287846   4.714922078750108583e-13
2391839   3.775276338742275688e-13
2495832   3.051628907158458144e-13
2599825   2.488214908975695890e-13
2703818   2.045131293852302794e-13
2807811   1.693437279140038859e-13
2911804   1.411879989534741856e-13
3015797   1.184671534523614192e-13
3119790   9.999577998166161479e-14
3223783   8.487493993916515738e-14
3327776   7.241658837518055951e-14
3431769   6.208951343793755433e-14
3535762   5.348024328838071002e-14
3639755   4.626448598573035508e-14
3743748   4.018606321202806424e-14
3847741   3.504123066646213783e-14
3951734   3.066690809302800466e-14
4055727   2.693177290068066831e-14
4159720   2.372946934598428101e-14
4263713   2.097339343136709040e-14
4367706   1.859266052092220381e-14
4471699   1.652896721605580568e-14
4575692   1.473413410566880290e-14
4679685   1.316817036424885876e-14
4783678   1.179774084234967322e-14
4887671   1.059494546367668026e-14
4991664   9.536342344907251489e-15
5095657   8.602162161254783990e-15
5199650   7.775673368901240390e-15
5303643   7.042667024151335802e-15
5407636   6.391036874237099307e-15
5511629   5.810435693449213639e-15
5615622   5.291992909025978945e-15
5719615   4.828081705074754670e-15
5823608   4.412126233092103668e-15
5927601   4.038441461060060179e-15
6031594   3.702099684701360931e-15
6135587   3.398818898645774788e-15
6239580   3.124869153566028355e-15
6343573   2.876993762344681520e-15
6447566   2.652342805822095528e-15
6551559   2.448416858811333175e-15
6655552   2.263019234708920167e-15
6759545   2.094215351484053637e-15
6863538   1.940298068143042281e-15
6967531   1.799758040723225942e-15
7071524   1.671258309732138703e-15
7175517   1.553612464019878551e-15
7279510   1.445765835141748624e-15
7383503   1.346779265932712550e-15
7487496   1.255815070942573473e-15
7591489   1.172124867505713832e-15
7695482   1.095039006897817035e-15
7799475   1.023957377161829585e-15
7903468   9.583413842994803295e-16
8007461   8.977069478651855098e-16
8111454   8.416183715756457795e-16
8215447   7.896829701835711894e-16
8319440   7.415463512301789390e-16
8423433   6.968882649392699245e-16
8527426   6.554189478985405172e-16
8631419   6.168758966640756793e-16
8735412   5.810210163296308117e-16
8839405   5.476380966781109755e-16
8943398   5.165305749900331653e-16
9047391   4.875195500985338191e-16
9151384   4.604420169991623433e-16
9255377   4.351492953677005511e-16
9359370   4.115056288130068168e-16
9463363   3.893869346803514533e-16
9567356   3.686796867961005625e-16
9671349   3.492799157677841622e-16
9775342   3.310923133758640291e-16
9879335   3.140294292583078502e-16
9983328   2.980109495331444854e-16
10087321  2.829630482587155328e-16
10191314  2.688178037228687057e-16
10295307  2.555126725034427828e-16
