0 -1540
1 -1595
2 -1594
3 -1596
4 -1589
5 -1586
6 -1587
7 -1587
8 -1599
9 -1558
10 -1612
11 -1619
12 -1627
13 -1627
14 -1633
15 -1633
16 -1635
17 -1636
18 -1630
19 -1633
20 -1637
21 -1633
22 -1643
23 -1646
24 -1659
25 -1668
26 -1626
27 -1633
28 -1634
29 -1643
30 -1644
31 -1644
32 -1643
33 -1638
34 -1636
35 -1642
36 -1632
37 -1645
38 -1647
39 -1659
40 -1662
41 -1673
42 -1678
43 -1681
44 -1684
45 -1689
46 -1687
47 -1689
48 -1685
49 -1684
50 -1687
51 -1684
52 -1688
53 -1692
54 -1700
55 -1703
56 -1760
57 -1763
58 -1717
59 -1722
60 -1724
61 -1725
62 -1722
63 -1719
64 -1723
65 -1717
66 -1722
67 -1724
68 -1729
69 -1739
70 -1741
71 -1746
72 -1752
73 -1754
74 -1759
75 -1758
76 -1763
77 -1759
78 -1760
79 -1755
80 -1749
81 -1751
82 -1752
83 -1755
84 -1765
85 -1768
86 -1775
87 -1785
88 -1784
89 -1787
