0 -3322
1 -3371
2 -3368
3 -3367
4 -1264
5 -3372
6 -3372
7 -3372
8 -3376
9 -3325
10 -3381
11 -3378
12 -3376
13 -3397
14 -3392
15 -3391
16 -3407
17 -3406
18 -3400
19 -3401
20 -3405
21 -3400
22 -3404
23 -3406
24 -3410
25 -3410
26 1191
27 -3363
28 -3416
29 -3419
30 -3416
31 -3421
32 -3423
33 -3424
34 -3425
35 -3428
36 -3423
37 -3430
38 -3429
39 -3434
40 -3435
41 -3440
42 -3440
43 -3446
44 -3447
45 -3446
46 -3450
47 -3448
48 -3445
49 -3445
50 -3454
51 -3448
52 -3456
53 -3458
54 -3462
55 -3462
56 -3466
57 -3468
58 -3476
59 -3474
60 -3475
61 -3477
62 -3476
63 -3478
64 -3429
65 -3434
66 -3428
67 -3436
68 -3435
69 -3436
70 -3441
71 -3443
72 -3445
73 -3448
74 -3451
75 -3451
76 -3454
77 -3455
78 -3459
79 -3460
80 -3464
81 -3457
82 -3465
83 -3464
84 -3467
85 -3471
86 -3477
87 -3481
88 -3482
89 -3485
90 -3482
91 -3486
92 -3486
93 -3484
94 -3487
95 -3491
96 -3486
97 -3493
98 -3492
99 -3496
100 -3501
101 -3555
102 -3559
103 -3511
104 -3514
105 -3513
106 -3516
107 -3517
108 -3519
109 -3520
110 -3524
111 -3519
112 -3526
113 -3527
114 -3529
115 -3531
116 -3531
117 -3535
118 -3537
119 -3542
120 -3539
121 -3545
122 -3544
123 -3546
124 -3549
125 -3553
126 -3548
127 -3555
128 -3556
129 -3558
130 -3563
131 -3566
132 -3570
133 -3571
134 -3574
135 -3571
136 -3576
137 -3575
138 -3578
139 -3577
140 -3580
141 -3574
142 -3582
143 -3583
144 -3586
145 -3589
146 -3593
147 -3597
148 -3600
149 -3602
150 -3649
151 -3602
152 -3605
153 -3605
154 -3607
155 -3610
156 -3608
157 -3614
158 -3613
159 -3609
160 -3615
161 -3616
162 -3618
163 -3619
164 -3624
165 -3624
166 -3629
167 -3629
168 -3632
169 -3634
170 -3637
171 -3631
172 -3639
173 -3637
174 -3641
175 -3646
176 -3650
177 -3652
178 -3703
179 -3707
180 -3655
181 -3657
182 -3658
183 -3654
184 -3655
185 -3661
186 -3652
187 -3662
188 -3663
189 -3665
190 -3671
191 -3673
192 -3674
193 -3679
194 -3680
195 -3681
196 -3682
197 -3683
198 -3688
199 -3688
200 -3691
201 -3686
202 -3691
203 -3693
204 -3695
205 -3693
206 -3694
207 -3697
208 -3699
209 -3703
210 -3702
211 -3706
212 -3707
213 -3706
214 -3707
215 -3712
216 -3708
217 -3714
218 -3714
219 -3717
220 -3720
221 -3725
222 -3727
223 -3731
224 -3730
225 -3729
226 -3730
227 -3730
228 -3726
229 -3729
230 -3734
231 -3728
232 -3738
233 -3741
234 -3741
235 -3745
236 -3749
237 -3752
238 -3807
239 -3807
240 -3756
241 -3760
242 -3758
243 -3762
244 -3761
245 -3767
246 -3761
247 -3770
248 -3767
249 -3769
250 -3768
251 -3775
252 -3778
253 -3779
254 -3783
255 -3782
256 -3784
257 -3785
258 -3790
259 -3790
260 -3795
261 -3787
262 -3797
263 -3796
264 -3798
265 -3801
266 -3808
267 -3810
268 -3813
269 -3814
270 -3814
271 -3816
272 -3814
273 -3813
274 -3815
275 -3819
276 -3815
277 -3824
278 -3825
279 -3826
280 -3830
281 -3835
282 -3838
283 -3839
284 -3841
285 -3841
286 -3844
287 -3844
288 -3846
289 -3848
290 -3852
291 -3896
292 -3853
293 -3854
294 -3856
295 -3858
296 -3858
297 -3862
298 -3864
299 -3866
300 -3867
301 -3870
302 -3869
303 -3871
304 -3873
305 -3878
306 -3873
307 -3882
308 -3882
309 -3881
310 -3887
311 -3890
312 -3893
313 -3895
314 -3897
315 -3895
316 -3898
317 -3900
318 -3902
319 -3948
320 -3903
321 -3900
322 -3907
323 -3906
324 -3909
325 -3912
326 -3918
327 -3918
328 -3922
329 -3923
330 -3922
331 -3924
332 -3925
333 -3926
334 -3927
335 -3931
336 -3926
337 -3931
338 -3932
339 -3926
340 -3933
341 -3934
342 -3938
343 -3940
344 -3942
345 -3940
346 -3946
347 -3947
348 -3947
349 -3947
350 -3954
351 -3996
352 -3954
353 -3955
354 -3960
355 -3962
356 -3964
357 -3966
358 -3969
359 -3970
360 -3969
361 -3972
362 -3965
363 -3966
364 -3968
365 -3973
366 -3968
367 -3979
368 -3982
369 -3979
370 -3983
371 -3988
372 -3989
373 -3993
374 -3996
375 -3993
376 -3997
377 -3999
378 -4000
379 -4002
380 -4054
381 -4048
382 -4005
383 -4007
384 -4005
385 -4005
386 -4008
387 -4012
388 -4017
389 -4019
390 -4013
391 -4020
392 -4020
393 -4022
394 -4022
395 -4026
396 -4021
397 -4027
398 -4028
399 -4031
400 -4033
401 -4039
402 -4040
403 -4046
404 -4043
405 -4040
406 -4045
407 -4044
408 -4039
409 -4044
410 -4049
411 -4044
412 -4053
413 -4051
414 -4054
415 -4057
416 -4067
417 -4067
418 -4071
419 -4071
420 -4074
421 -4072
422 -4073
423 -4076
424 -4078
425 -4083
426 -4076
427 -4084
428 -4083
429 -4083
430 -4087
431 -4090
432 -4093
433 -4095
434 -4098
435 -4097
436 -4101
437 -4151
438 -4155
439 -4105
440 -4109
441 -4104
442 -4113
443 -4113
444 -4113
445 -4118
446 -4123
447 -4126
448 -4127
449 -4130
450 -4128
451 -4133
452 -4131
453 -4131
454 -4132
455 -4137
456 -4132
457 -4140
458 -4140
459 -4142
460 -4145
461 -4151
462 -4155
463 -4156
464 -4157
465 -4159
466 -4161
467 -4162
468 -4163
469 -4165
470 -4170
471 -4165
472 -4173
473 -4173
474 -4175
475 -4173
476 -4176
477 -4180
478 -4182
479 -4185
480 -4185
481 -4188
482 -4188
483 -4190
484 -4192
485 -4197
486 -4192
487 -4199
488 -4200
489 -4201
490 -4256
491 -4260
492 -4213
493 -4215
494 -4216
495 -4215
496 -4219
497 -4218
498 -4217
499 -4216
500 -4220
501 -4216
502 -4223
503 -4227
504 -4224
505 -4230
506 -4235
507 -4234
508 -4239
509 -4239
510 -4239
511 -4242
512 -4241
513 -4242
514 -4243
515 -4248
516 -4244
517 -4250
518 -4249
519 -4239
520 -4248
521 -4252
522 -4256
523 -4258
524 -4260
525 -4259
526 -4261
527 -4262
528 -4265
529 -4268
530 -4269
531 -4265
532 -4272
533 -4271
534 -4276
535 -4278
536 -4283
537 -4284
538 -4287
539 -4289
540 -4286
541 -4289
542 -4279
543 -4282
544 -4285
545 -4288
546 -4286
547 -4293
548 -4295
549 -4296
550 -4299
551 -4303
552 -4353
553 -4357
554 -4310
555 -4309
556 -4312
557 -4313
558 -4315
559 -4317
560 -4320
561 -4315
562 -4321
563 -4324
564 -4314
565 -4321
566 -4324
567 -4327
568 -4332
569 -4333
570 -4329
571 -4334
572 -4334
573 -4336
574 -4338
575 -4341
576 -4336
577 -4342
578 -4344
579 -4346
580 -4349
581 -4353
582 -4354
583 -4358
584 -4360
585 -4357
586 -4361
587 -4355
588 -4356
589 -4360
590 -4366
591 -4361
592 -4370
593 -4369
594 -4372
595 -4376
596 -4381
597 -4383
598 -4387
599 -4388
600 -4390
601 -4390
602 -4389
603 -4393
604 -4394
605 -4400
606 -4394
607 -4402
608 -4451
609 -4451
610 -4404
611 -4408
612 -4409
613 -4412
614 -4415
615 -4415
616 -4418
617 -4418
618 -4421
619 -4423
620 -4427
621 -4421
622 -4429
623 -4429
624 -4431
625 -4435
626 -4440
627 -4443
628 -4445
629 -4446
630 -4445
631 -4450
632 -4444
633 -4445
634 -4447
635 -4453
636 -4448
637 -4456
638 -4456
639 -4458
640 -4461
641 -4466
642 -4469
643 -4471
644 -4473
645 -4473
646 -4476
647 -4476
648 -4478
649 -4480
650 -4483
651 -4479
652 -4486
653 -4486
654 -4485
655 -4485
656 -4488
657 -4493
658 -4495
659 -4498
660 -4498
661 -4501
662 -4551
663 -4551
664 -4503
665 -4508
666 -4503
667 -4509
668 -4511
669 -4510
670 -4514
671 -4517
672 -4518
673 -4523
674 -4523
675 -4522
676 -4525
677 -4525
678 -4520
679 -4521
680 -4526
681 -4521
682 -4529
683 -4529
684 -4531
685 -4536
686 -4541
687 -4541
688 -4546
689 -4544
690 -4544
691 -4546
692 -4546
693 -4548
694 -4549
695 -4553
696 -4549
697 -4555
698 -4549
699 -4551
700 -4554
701 -4554
702 -4561
703 -4565
704 -4567
705 -4564
706 -4565
707 -4567
708 -4570
709 -4573
710 -4574
711 -4569
712 -4575
713 -4576
714 -4576
715 -4582
716 -4589
717 -4587
718 -4590
719 -4593
720 -4591
721 -4591
722 -4580
723 -4584
724 -4589
725 -4597
726 -4589
727 -4596
728 -4598
729 -4602
730 -4654
731 -4657
732 -4609
733 -4609
734 -4615
735 -4614
736 -4616
737 -4617
738 -4620
739 -4623
740 -4628
741 -4622
742 -4628
743 -4628
744 -4618
745 -4625
746 -4628
747 -4630
748 -4637
749 -4639
750 -4637
751 -4640
752 -4641
753 -4641
754 -4645
755 -4649
756 -4644
757 -4649
758 -4650
759 -4651
760 -4657
761 -4662
762 -4662
763 -4668
764 -4668
765 -4666
766 -4665
767 -4662
768 -4662
769 -4668
770 -4674
771 -4667
772 -4678
773 -4674
774 -4678
775 -4682
776 -4689
777 -4691
778 -4694
779 -4696
780 -4697
781 -4699
782 -4699
783 -4701
784 -4753
785 -4758
786 -4702
787 -4709
788 -4709
789 -4708
790 -4710
791 -4715
792 -4718
793 -4720
794 -4721
795 -4723
796 -4725
797 -4725
798 -4728
799 -4730
800 -4734
801 -4727
802 -4735
803 -4734
804 -4736
805 -4741
806 -4746
807 -4749
808 -4751
809 -4752
810 -4751
811 -4753
812 -4750
813 -4751
814 -4752
815 -4759
816 -4754
817 -4762
818 -4762
819 -4763
820 -4766
821 -4770
822 -4774
823 -4778
824 -4778
825 -4778
826 -4780
827 -4781
828 -4782
829 -4784
830 -4789
831 -4783
832 -4792
833 -4792
834 -4790
835 -4791
836 -4794
837 -4797
838 -4800
839 -4803
840 -4852
841 -4855
842 -4806
843 -4808
844 -4809
845 -4813
846 -4806
847 -4813
848 -4811
849 -4814
850 -4817
851 -4822
852 -4823
853 -4828
854 -4828
855 -4826
856 -4830
857 -4831
858 -4824
859 -4826
860 -4830
861 -4826
862 -4834
863 -4834
864 -4837
865 -4840
866 -4845
867 -4847
868 -4849
869 -4850
870 -4850
871 -4853
872 -4851
873 -4853
874 -4854
875 -4858
876 -4854
877 -4862
878 -4855
879 -4854
880 -4860
881 -4862
882 -4865
883 -4869
884 -4872
885 -4868
886 -4872
887 -4874
888 -4876
889 -4876
890 -4882
891 -4872
892 -4881
893 -4883
894 -4886
895 -4888
896 -4892
897 -4895
898 -4897
899 -4899
900 -4897
901 -4901
902 -4946
903 -4893
904 -4895
905 -4903
906 -4896
907 -4906
908 -4908
909 -4907
910 -4910
911 -4911
912 -4913
913 -4920
914 -4920
915 -4921
916 -4924
917 -4924
918 -4928
919 -4929
920 -4934
921 -4929
922 -4934
923 -4937
924 -4926
925 -4933
926 -4933
927 -4937
928 -4945
929 -4945
930 -4940
931 -4946
932 -4948
933 -4950
934 -4952
935 -5008
936 -5000
937 -4957
938 -4958
939 -4959
940 -4966
941 -4969
942 -4972
943 -4974
944 -4974
945 -4974
946 -4975
947 -4971
948 -4971
949 -4975
950 -4981
951 -4974
952 -4985
953 -4985
954 -4986
955 -4989
956 -4995
957 -4997
958 -4999
959 -5001
960 -4999
961 -5003
962 -5002
963 -5005
964 -5007
965 -5010
966 -5005
967 -5014
968 -5013
969 -5012
970 -5013
971 -5017
972 -5021
973 -5021
974 -5024
975 -5024
976 -5026
977 -5026
978 -5028
979 -5029
980 -5033
981 -5026
982 -5036
983 -5034
984 -5035
985 -5039
986 -5042
987 -5044
988 -5047
989 -5046
990 -5044
991 -5046
992 -5040
993 -5039
994 -5042
995 -5050
996 -5043
997 -5052
998 -5104
999 -5101
1000 -5056
1001 -5060
1002 -5062
1003 -5066
1004 -5067
1005 -5066
1006 -5069
1007 -5067
1008 -5070
1009 -5068
1010 -5075
1011 -5068
1012 -5074
1013 -5076
1014 -5073
1015 -5076
1016 -5077
1017 -5083
1018 -5085
1019 -5088
1020 -5085
1021 -5088
1022 -5088
1023 -5091
1024 -5090
1025 -5097
1026 -5089
1027 -5097
1028 -5097
1029 -5098
1030 -5101
1031 -5105
1032 -5106
1033 -5109
1034 -5109
1035 -5110
1036 -5110
1037 -5111
1038 -5111
1039 -5113
1040 -5116
1041 -5109
1042 -5118
1043 -5117
1044 -5120
1045 -5125
1046 -5127
1047 -5129
1048 -5132
1049 -5134
1050 -5131
1051 -5133
1052 -5133
1053 -5134
1054 -5136
1055 -5139
1056 -5136
1057 -5142
1058 -5140
1059 -5134
1060 -5136
1061 -5139
1062 -5145
1063 -5149
1064 -5153
1065 -5200
1066 -5151
1067 -5154
1068 -5155
1069 -5159
1070 -5161
1071 -5156
1072 -5164
1073 -5164
1074 -5166
1075 -5172
1076 -5175
1077 -5176
1078 -5180
1079 -5180
1080 -5179
1081 -5179
1082 -5169
1083 -5170
1084 -5175
1085 -5181
1086 -5177
1087 -5185
1088 -5186
1089 -5186
1090 -5191
1091 -5191
1092 -5196
1093 -5199
1094 -5203
1095 -5250
1096 -5204
1097 -5207
1098 -5208
1099 -5210
1100 -5214
1101 -5207
1102 -5215
1103 -5217
1104 -5210
1105 -5211
1106 -5212
1107 -5219
1108 -5225
1109 -5224
1110 -5221
1111 -5227
1112 -5228
1113 -5230
1114 -5230
1115 -5234
1116 -5229
1117 -5237
1118 -5237
1119 -5239
1120 -5242
1121 -5246
1122 -5248
1123 -5252
1124 -5300
1125 -5250
1126 -5253
1127 -5248
1128 -5248
1129 -5252
1130 -5258
1131 -5251
1132 -5259
1133 -5260
1134 -5260
1135 -5266
1136 -5270
1137 -5272
1138 -5275
1139 -5275
1140 -5275
1141 -5277
1142 -5278
1143 -5278
1144 -5279
1145 -5283
1146 -5276
1147 -5286
1148 -5286
1149 -5284
1150 -5286
1151 -5290
1152 -5291
1153 -5291
1154 -5296
1155 -5293
1156 -5296
1157 -5297
1158 -5298
1159 -5300
1160 -5304
1161 -5348
1162 -5306
1163 -5305
1164 -5306
1165 -5310
1166 -5314
1167 -5315
1168 -5318
1169 -5320
1170 -5316
1171 -5319
1172 -5314
1173 -5318
1174 -5319
1175 -5323
1176 -5316
1177 -5323
1178 -5324
1179 -5325
1180 -5327
1181 -5333
1182 -5335
1183 -5337
1184 -5338
1185 -5337
1186 -5341
1187 -5338
1188 -5341
1189 -5341
1190 -5345
1191 -5340
1192 -5347
1193 -5347
1194 -5343
1195 -5343
1196 -5348
1197 -5354
1198 -5405
1199 -5407
1200 -5356
1201 -5357
1202 -5357
1203 -5361
1204 -5362
1205 -5366
1206 -5360
1207 -5368
1208 -5367
1209 -5367
1210 -5371
1211 -5374
1212 -5375
1213 -5381
1214 -5380
1215 -5377
1216 -5379
1217 -5379
1218 -5382
1219 -5381
1220 -5385
1221 -5380
1222 -5389
1223 -5385
1224 -5389
1225 -5394
1226 -5396
1227 -5397
1228 -5402
1229 -5400
1230 -5400
1231 -5403
1232 -5402
1233 -5403
1234 -5406
1235 -5408
1236 -5403
1237 -5407
1238 -5406
1239 -5399
1240 -5407
1241 -5409
1242 -5415
1243 -5418
1244 -5421
1245 -5416
1246 -5419
1247 -5420
1248 -5422
1249 -5426
1250 -5429
1251 -5425
1252 -5431
1253 -5431
1254 -5433
1255 -5437
1256 -5440
1257 -5440
1258 -5445
1259 -5446
1260 -5445
1261 -5445
1262 -5445
1263 -5441
1264 -5443
1265 -5444
1266 -5444
1267 -5453
1268 -5502
1269 -5504
1270 -5458
1271 -5460
1272 -5460
1273 -5465
1274 -5467
1275 -5466
1276 -5467
1277 -5470
1278 -5473
1279 -5474
1280 -5477
1281 -5471
1282 -5478
1283 -5481
1284 -5478
1285 -5479
1286 -5481
1287 -5483
1288 -5488
1289 -5488
1290 -5486
1291 -5491
1292 -5491
1293 -5492
1294 -5494
1295 -5496
1296 -5491
1297 -5499
1298 -5503
1299 -5501
1300 -5504
1301 -5510
1302 -5510
1303 -5516
1304 -5513
1305 -5511
1306 -5515
1307 -5517
1308 -5512
1309 -5510
1310 -5519
1311 -5512
1312 -5521
1313 -5520
1314 -5521
1315 -5528
1316 -5531
1317 -5533
1318 -5536
1319 -5536
1320 -5535
1321 -5535
1322 -5537
1323 -5538
1324 -5539
1325 -5543
1326 -5538
1327 -5545
1328 -5546
1329 -5546
1330 -5549
1331 -5551
1332 -5602
1333 -5605
1334 -5558
1335 -5554
1336 -5558
1337 -5558
1338 -5558
1339 -5560
1340 -5566
1341 -5560
1342 -5566
1343 -5563
1344 -5565
1345 -5568
1346 -5573
1347 -5574
1348 -5576
1349 -5578
1350 -5575
1351 -5579
1352 -5577
1353 -5577
1354 -5577
1355 -5584
1356 -5577
1357 -5585
1358 -5583
1359 -5587
1360 -5588
1361 -5594
1362 -5595
1363 -5597
1364 -5600
1365 -5596
1366 -5601
1367 -5600
1368 -5599
1369 -5601
1370 -5607
1371 -5602
1372 -5609
1373 -5605
1374 -5609
1375 -5611
1376 -5612
1377 -5614
1378 -5616
1379 -5621
1380 -5619
1381 -5620
1382 -5621
1383 -5622
1384 -5625
1385 -5628
1386 -5624
1387 -5630
1388 -5630
1389 -5630
1390 -5633
1391 -5639
1392 -5638
1393 -5643
1394 -5642
1395 -5641
1396 -5642
1397 -5644
1398 -5645
1399 -5642
1400 -5648
1401 -5644
1402 -5650
1403 -5650
1404 -5653
1405 -5707
1406 -5710
1407 -5662
1408 -5664
1409 -5664
1410 -5663
1411 -5667
1412 -5666
1413 -5668
1414 -5670
1415 -5674
1416 -5670
1417 -5675
1418 -5678
1419 -5673
1420 -5676
1421 -5678
1422 -5682
1423 -5687
1424 -5687
1425 -5684
1426 -5690
1427 -5690
1428 -5692
1429 -5693
1430 -5696
1431 -5691
1432 -5699
1433 -5699
1434 -5700
1435 -5705
1436 -5712
1437 -5713
1438 -5713
1439 -5716
1440 -5714
1441 -5717
1442 -5719
1443 -5720
1444 -5716
1445 -5723
1446 -5715
1447 -5725
1448 -5725
1449 -5726
1450 -5733
1451 -5733
1452 -5739
1453 -5740
1454 -5744
1455 -5742
1456 -5745
1457 -5746
1458 -5748
1459 -5751
1460 -5805
1461 -5799
1462 -5756
1463 -5759
1464 -5757
1465 -5764
1466 -5761
1467 -5763
1468 -5766
1469 -5768
1470 -5766
1471 -5771
1472 -5771
1473 -5773
1474 -5775
1475 -5779
1476 -5773
1477 -5779
1478 -5783
1479 -5782
1480 -5787
1481 -5792
1482 -5795
1483 -5798
1484 -5798
1485 -5796
1486 -5800
1487 -5800
1488 -5799
1489 -5798
1490 -5805
1491 -5798
1492 -5808
1493 -5808
1494 -5809
1495 -5813
1496 -5818
1497 -5820
1498 -5822
1499 -5824
1500 -5823
1501 -5827
1502 -5823
1503 -5828
1504 -5829
1505 -5834
1506 -5827
1507 -5836
1508 -5835
1509 -5837
1510 -5841
1511 -5844
1512 -5844
1513 -5847
1514 -5850
1515 -5847
1516 -5850
1517 -5851
1518 -5902
1519 -5902
1520 -5858
1521 -5852
1522 -5860
1523 -5858
1524 -5861
1525 -5864
1526 -5869
1527 -5871
1528 -5876
1529 -5876
1530 -5873
1531 -5877
1532 -5877
1533 -5875
1534 -5876
1535 -5881
1536 -5878
1537 -5884
1538 -5882
1539 -5885
1540 -5890
1541 -5893
1542 -5895
1543 -5897
1544 -5900
1545 -5899
1546 -5901
1547 -5901
1548 -5904
1549 -5903
1550 -5910
1551 -5903
1552 -5910
1553 -5909
1554 -5911
1555 -5914
1556 -5917
1557 -5918
1558 -5922
1559 -5922
1560 -5922
1561 -5925
1562 -5926
1563 -5928
1564 -5930
1565 -5932
1566 -5927
1567 -5934
1568 -5934
1569 -5936
1570 -5941
1571 -5945
1572 -5946
1573 -5950
1574 -5951
1575 -5998
1576 -5953
1577 -5953
1578 -5954
1579 -5957
1580 -5958
1581 -5954
1582 -5961
1583 -5959
1584 -5964
1585 -5967
1586 -5970
1587 -5974
1588 -5977
1589 -5976
1590 -5975
1591 -5979
1592 -5982
1593 -5982
1594 -5985
1595 -5987
1596 -5982
1597 -5989
1598 -5989
1599 -5988
1600 -5989
1601 -5996
1602 -5997
1603 -5998
1604 -6000
1605 -5998
1606 -6003
1607 -6055
1608 -6058
1609 -6010
1610 -6014
1611 -6010
1612 -6018
1613 -6018
1614 -6018
1615 -6024
1616 -6027
1617 -6031
1618 -6032
1619 -6035
1620 -6034
1621 -6038
1622 -6037
1623 -6038
1624 -6033
1625 -6042
1626 -6034
1627 -6044
1628 -6048
1629 -6046
1630 -6050
1631 -6055
1632 -6058
1633 -6060
1634 -6063
1635 -6061
1636 -6064
1637 -6065
1638 -6067
1639 -6070
1640 -6072
1641 -6066
1642 -6073
1643 -6076
1644 -6075
1645 -6079
1646 -6077
1647 -6081
1648 -6080
1649 -6084
1650 -6082
1651 -6087
1652 -6090
1653 -6091
1654 -6091
1655 -6095
1656 -6088
1657 -6097
1658 -6097
1659 -6097
1660 -6103
1661 -6157
1662 -6160
1663 -6113
1664 -6112
1665 -6110
1666 -6114
1667 -6115
1668 -6111
1669 -6114
1670 -6120
1671 -6113
1672 -6121
1673 -6119
1674 -6121
1675 -6127
1676 -6131
1677 -6133
1678 -6136
1679 -6138
1680 -6135
1681 -6137
1682 -6137
1683 -6139
1684 -6139
1685 -6145
1686 -6138
1687 -6147
1688 -6146
1689 -6147
1690 -6152
1691 -6153
1692 -6153
1693 -6155
1694 -6158
1695 -6156
1696 -6158
1697 -6158
1698 -6159
1699 -6159
1700 -6165
1701 -6161
1702 -6167
1703 -6168
1704 -6169
1705 -6171
1706 -6177
1707 -6177
1708 -6180
1709 -6182
1710 -6179
1711 -6183
1712 -6182
1713 -6183
1714 -6183
1715 -6186
1716 -6181
1717 -6189
1718 -6190
1719 -6192
1720 -6194
1721 -6199
1722 -6200
1723 -6202
1724 -6255
1725 -6253
1726 -6206
1727 -6206
1728 -6207
1729 -6207
1730 -6212
1731 -6209
1732 -6214
1733 -6216
1734 -6216
1735 -6217
1736 -6220
1737 -6223
1738 -6224
1739 -6226
1740 -6224
1741 -6228
1742 -6229
1743 -6230
1744 -6229
1745 -6234
1746 -6229
1747 -6237
1748 -6240
1749 -6237
1750 -6241
1751 -6245
1752 -6246
1753 -6251
1754 -6252
1755 -6249
1756 -6251
1757 -6253
1758 -6255
1759 -6255
1760 -6257
1761 -6253
1762 -6260
1763 -6260
1764 -6261
1765 -6266
1766 -6271
1767 -6274
1768 -6276
1769 -6276
1770 -6276
1771 -6277
1772 -6277
1773 -6281
1774 -6283
1775 -6286
1776 -6281
1777 -6287
1778 -6288
1779 -6285
1780 -6286
1781 -6287
1782 -6290
1783 -6294
1784 -6299
1785 -6297
1786 -6301
1787 -6351
1788 -6352
1789 -6305
1790 -6310
1791 -6303
1792 -6313
1793 -6312
1794 -6315
1795 -6318
1796 -6322
1797 -6323
1798 -6324
1799 -6328
