9.25926e-05 0
0.0834259 0.0625
0.166759 0.123438
0.250093 0.182167
0.333426 0.239479
0.416759 0.29725
0.500093 0.35175
0.583426 0.404938
0.666759 0.460625
0.750093 0.510604
0.833426 0.560146
0.916759 0.608771
1.00009 0.662167
1.08343 0.714917
1.16676 0.770687
1.25009 0.828833
1.33343 0.88725
1.41676 0.944667
1.50009 1.00579
1.58343 1.06558
1.66676 1.12571
1.75009 1.17656
1.83343 1.22992
1.91676 1.28658
2.00009 1.34671
2.08343 1.40596
2.16676 1.46723
2.25009 1.53094
2.33343 1.59481
2.41676 1.65608
2.50009 1.71629
2.58343 1.77731
2.66676 1.8376
2.75009 1.89206
2.83343 1.94437
2.91676 1.99756
3.00009 2.05235
3.08343 2.10685
3.16676 2.16296
3.25009 2.22308
3.33343 2.28331
3.41676 2.3426
3.50009 2.40027
3.58343 2.45706
3.66676 2.51465
3.75009 2.57244
3.83343 2.62558
3.91676 2.67925
4.00009 2.73483
4.08343 2.78977
4.16676 2.84708
4.25009 2.90592
4.33343 2.9625
4.41676 3.02285
4.50009 3.08006
4.58343 3.13554
4.66676 3.195
4.75009 3.25398
4.83343 3.31156
4.91676 3.36342
5.00009 3.41727
5.08343 3.47042
5.16676 3.52588
5.25009 3.57969
5.33343 3.62929
5.41676 3.68154
5.50009 3.73181
5.58343 3.7786
5.66676 3.83083
5.75009 3.87948
5.83343 3.92817
5.91676 3.97594
6.00009 4.02833
6.08343 4.07606
6.16676 4.12915
6.25009 4.18258
6.33343 4.22821
6.41676 4.27554
6.50009 4.32129
6.58343 4.37019
6.66676 4.42263
6.75009 4.47183
6.83343 4.50417
6.91676 4.52806
7.00009 4.55938
7.08343 4.59796
7.16676 4.63615
7.25009 4.67704
7.33343 4.70737
7.41676 4.74246
7.50009 4.77444
7.58343 4.8106
7.66676 4.84965
7.75009 4.88904
7.83343 4.92025
7.91676 4.94813
8.00009 4.98317
8.08343 5.0184
8.16676 5.05177
8.25009 5.08667
8.33343 5.1171
8.41676 5.14385
8.50009 5.17244
8.58343 5.20794
8.66676 5.24202
8.75009 5.27992
8.83343 5.31904
8.91676 5.3515
9.00009 5.39238
9.08343 5.43283
9.16676 5.47537
9.25009 5.52517
9.33343 5.57175
9.41676 5.61617
9.50009 5.66294
9.58343 5.70688
9.66676 5.75452
9.75009 5.79244
9.83343 5.83271
9.91676 5.87298
10.0001 5.91471
10.0834 5.95488
10.1668 5.99287
10.2501 6.03396
10.3334 6.06646
10.4168 6.09762
10.5001 6.13533
10.5834 6.17827
10.6668 6.22017
10.7501 6.25727
10.8334 6.28971
10.9168 6.31383
11.0001 6.34796
11.0834 6.38483
11.1668 6.42671
11.2501 6.46983
11.3334 6.51096
11.4168 6.54452
11.5001 6.57988
11.5834 6.6171
11.6668 6.65877
11.7501 6.69269
11.8334 6.72096
11.9168 6.74725
12.0001 6.7696
12.0834 6.79829
12.1668 6.82496
12.2501 6.85304
12.3334 6.8715
12.4168 6.89721
12.5001 6.92481
12.5834 6.95367
12.6668 6.98346
12.7501 7.00519
12.8334 7.0235
12.9168 7.04154
13.0001 7.06146
13.0834 7.08217
13.1668 7.10944
13.2501 7.13283
13.3334 7.15492
13.4168 7.17887
13.5001 7.20671
13.5834 7.22804
13.6668 7.2519
13.7501 7.27015
13.8334 7.28967
13.9168 7.30554
14.0001 7.32227
14.0834 7.33973
14.1668 7.35902
14.2501 7.37923
14.3334 7.39658
14.4168 7.40944
14.5001 7.42396
14.5834 7.4381
14.6668 7.45346
14.7501 7.45929
14.8334 7.4644
14.9168 7.47187
15.0001 7.468
15.0834 7.46996
15.1668 7.47685
15.2501 7.48519
15.3334 7.49423
15.4168 7.506
15.5001 7.5176
15.5834 7.52898
15.6668 7.54133
15.7501 7.55115
15.8334 7.55531
15.9168 7.56104
16.0001 7.5651
16.0834 7.56983
16.1668 7.57604
16.2501 7.58752
16.3334 7.59833
16.4168 7.60694
16.5001 7.61817
16.5834 7.62327
16.6668 7.63373
16.7501 7.63733
16.8334 7.64319
16.9168 7.64612
17.0001 7.64702
17.0834 7.64938
17.1668 7.6504
17.2501 7.65323
17.3334 7.65827
17.4168 7.66625
17.5001 7.67821
17.5834 7.68421
17.6668 7.68708
17.7501 7.6926
17.8334 7.69685
17.9168 7.69963
18.0001 7.70273
18.0834 7.70231
18.1668 7.70698
18.2501 7.70969
18.3334 7.71087
18.4168 7.714
18.5001 7.71731
18.5834 7.71788
18.6668 7.72048
18.7501 7.72058
18.8334 7.72227
18.9168 7.72183
19.0001 7.72429
19.0834 7.7165
19.1668 7.71696
19.2501 7.71269
19.3334 7.70983
19.4168 7.70583
19.5001 7.70623
19.5834 7.70819
19.6668 7.71421
19.7501 7.72021
19.8334 7.72127
19.9168 7.71525
20.0001 7.71623
20.0834 7.71498
20.1668 7.71402
20.2501 7.71654
20.3334 7.72223
20.4168 7.72725
20.5001 7.74052
20.5834 7.75285
20.6668 7.76998
20.7501 7.77204
20.8334 7.77256
20.9168 7.76406
21.0001 7.75952
21.0834 7.75556
21.1668 7.76023
21.2501 7.76094
21.3334 7.75454
21.4168 7.75223
21.5001 7.75054
21.5834 7.74967
21.6668 7.72954
21.7501 7.68687
21.8334 7.6429
21.9168 7.60875
22.0001 7.56721
22.0834 7.54729
22.1668 7.51796
22.2501 7.49456
22.3334 7.47452
22.4168 7.45604
22.5001 7.44408
22.5834 7.43069
22.6668 7.41746
22.7501 7.40083
22.8334 7.37092
22.9168 7.34565
23.0001 7.3179
23.0834 7.29715
23.1668 7.281
23.2501 7.26302
23.3334 7.24694
23.4168 7.2279
23.5001 7.21546
23.5834 7.19194
23.6668 7.17856
23.7501 7.15073
23.8334 7.11773
23.9168 7.07665
24.0001 7.0474
24.0834 7.01837
24.1668 6.99354
24.2501 6.97317
24.3334 6.9591
24.4168 6.9366
24.5001 6.88044
24.5834 6.85142
24.6668 6.82871
24.7501 6.7751
24.8334 6.73856
24.9168 6.69996
25.0001 6.66927
25.0834 6.64029
25.1668 6.60377
25.2501 6.58212
25.3334 6.55896
25.4168 6.53035
25.5001 6.48098
25.5834 6.43823
25.6668 6.36717
25.7501 6.29708
25.8334 6.24169
25.9168 6.17054
26.0001 6.10854
26.0834 6.04192
26.1668 5.97296
26.2501 5.92073
26.3334 5.87277
26.4168 5.82381
26.5001 5.76408
26.5834 5.68063
26.6668 5.63558
26.7501 5.57535
26.8334 5.51365
26.9168 5.42604
27.0001 5.36635
27.0834 5.31983
27.1668 5.2426
27.2501 5.20044
27.3334 5.13777
27.4168 5.04544
27.5001 4.99873
27.5834 4.95183
27.6668 4.90367
27.7501 4.84775
27.8334 4.78733
27.9168 4.72562
28.0001 4.66581
28.0834 4.60967
28.1668 4.55069
28.2501 4.50246
28.3334 4.45279
28.4168 4.40188
28.5001 4.3464
28.5834 4.2941
28.6668 4.22442
28.7501 4.16275
28.8334 4.10067
28.9168 4.01671
29.0001 3.96279
29.0834 3.9125
29.1668 3.83556
29.2501 3.79208
29.3334 3.74956
29.4168 3.67592
29.5001 3.6335
29.5834 3.57252
29.6668 3.5069
29.7501 3.43592
29.8334 3.36025
29.9168 3.30254
30.0001 3.24858
30.0834 3.19985
30.1668 3.15056
30.2501 3.11035
30.3334 3.06019
30.4168 3.00794
30.5001 2.95871
30.5834 2.91779
30.6668 2.87231
30.7501 2.80623
30.8334 2.73471
30.9168 2.64796
31.0001 2.55896
31.0834 2.47165
31.1668 2.39777
31.2501 2.32169
31.3334 2.25569
31.4168 2.17883
31.5001 2.10323
31.5834 2.02431
31.6668 1.96
31.7501 1.88262
31.8334 1.73167
31.9168 1.56744
32.0001 1.4584
32.0834 1.34554
32.1668 1.22694
32.2501 1.13583
32.3334 0.830562
32.4168 0.653833
32.5001 0.525188
32.5834 0.395479
32.6668 0.272292
32.7501 0.171646
32.8334 0.0596875
32.9168 -0.0465833
33.0001 -0.163354
33.0834 -0.283229
33.1668 -0.392292
33.2501 -0.492854
33.3334 -0.590708
33.4168 -0.693417
33.5001 -0.806063
33.5834 -0.928229
33.6668 -1.03435
33.7501 -1.16596
33.8334 -1.30415
33.9168 -1.45204
34.0001 -1.58585
34.0834 -1.73231
34.1668 -1.89592
34.2501 -2.05548
34.3334 -2.21342
34.4168 -2.4011
34.5001 -2.59708
34.5834 -2.81269
34.6668 -2.96671
34.7501 -3.19713
34.8334 -3.42571
34.9168 -3.68748
35.0001 -3.9141
35.0834 -4.09196
35.1668 -4.26069
35.2501 -4.41713
35.3334 -4.58298
35.4168 -4.73427
35.5001 -4.89877
35.5834 -5.07708
35.6668 -5.24715
35.7501 -5.44498
35.8334 -5.65085
35.9168 -5.86577
36.0001 -6.08506
36.0834 -6.30056
36.1668 -6.50344
36.2501 -6.70904
36.3334 -6.91498
36.4168 -7.1236
36.5001 -7.33394
36.5834 -7.55258
36.6668 -7.73933
36.7501 -7.96342
36.8334 -8.1809
36.9168 -8.40677
37.0001 -8.64158
37.0834 -8.87892
37.1668 -9.1166
37.2501 -9.35125
37.3334 -9.59719
37.4168 -9.84577
37.5001 -10.1056
37.5834 -10.3732
37.6668 -10.6262
37.7501 -10.9165
37.8334 -11.2138
37.9168 -11.5091
38.0001 -11.8077
38.0834 -12.1005
38.1668 -12.3923
38.2501 -12.6805
38.3334 -12.9756
38.4168 -13.2746
38.5001 -13.5915
38.5834 -13.9286
38.6668 -14.2503
38.7501 -14.6195
38.8334 -14.9899
38.9168 -15.3941
39.0001 -15.8055
39.0834 -16.2123
39.1668 -16.6067
39.2501 -17.0059
39.3334 -17.4246
39.4168 -17.8483
39.5001 -18.2963
39.5834 -18.7578
39.6668 -19.2024
39.7501 -19.673
39.8334 -20.1561
39.9168 -20.6458
40.0001 -21.1507
40.0834 -21.6485
40.1668 -22.14
40.2501 -22.6337
40.3334 -23.145
40.4168 -23.6655
40.5001 -24.1911
40.5834 -24.721
40.6668 -25.232
40.7501 -25.7539
40.8334 -26.2392
40.9168 -26.7505
41.0001 -27.2753
41.0834 -27.7766
41.1668 -28.1994
41.2501 -28.6111
41.3334 -29.0055
41.4168 -29.4127
41.5001 -29.8048
41.5834 -30.232
41.6668 -30.6354
