417
370
269
116
-66
-264
-459
-633
-771
-866
-917
-927
-902
-847
-778
-708
-645
-613
-614
-665
-765
-911
-1099
-1314
-1541
-1766
-1970
-2146
-2277
-2366
-2408
-2409
-2383
-2339
-2287
-2238
-2194
-2155
-2125
-2093
-2059
-2031
-2003
-1986
-1977
-1979
-1989
-2000
-2003
-1987
-1945
-1869
-1757
-1619
-1461
-1299
-1148
-1018
-916
-838
-775
-724
-675
-624
-581
-558
-570
-626
-732
-877
-1052
-1234
-1402
-1545
-1647
-1710
-1736
-1734
-1706
-1669
-1625
-1582
-1544
-1512
-1490
-1475
-1469
-1476
-1498
-1542
-1603
-1688
-1784
-1883
-1975
-2049
-2097
-2116
-2103
-2056
-1982
-1883
-1763
-1631
-1488
-1353
-1227
-1123
-1050
-1009
-1001
-1019
-1061
-1116
-1181
-1255
-1335
-1418
-1501
-1577
-1642
-1683
-1698
-1680
-1632
-1549
-1436
-1299
-1149
-998
-859
-756
-703
-712
-786
-919
-1100
-1307
-1515
-1703
-1853
-1950
-1994
-1988
-1942
-1868
-1779
-1679
-1577
-1476
-1374
-1277
-1184
-1099
-1023
-963
-923
-904
-904
-923
-960
-1009
-1072
-1143
-1224
-1311
-1396
-1472
-1533
-1578
-1603
-1613
-1609
-1597
-1576
-1546
-1510
-1466
-1425
-1388
-1363
-1353
-1363
-1395
-1453
-1531
-1633
-1754
-1881
-2003
-2103
-2173
-2198
-2179
-2111
-2005
-1872
-1719
-1562
-1403
-1251
-1111
-982
-869
-778
-713
-675
-676
-712
-777
-872
-987
-1115
-1251
-1389
-1521
-1642
-1749
-1837
-1899
-1940
-1954
-1945
-1925
-1903
-1892
-1903
-1939
-2002
-2077
-2160
-2238
-2300
-2343
-2373
-2393
-2405
-2411
-2410
-2398
-2363
-2305
-2222
-2121
-2011
-1901
-1797
-1702
-1617
-1537
-1455
-1370
-1274
-1173
-1061
-953
-850
-763
-695
-654
-645
-664
-712
-783
-864
-954
-1045
-1136
-1222
-1303
-1378
-1447
-1513
-1574
-1640
-1713
-1792
-1875
-1954
-2022
-2079
-2116
-2139
-2150
-2156
-2160
-2163
-2167
-2164
-2149
-2119
-2065
-1991
-1896
-1785
-1662
-1541
-1419
-1301
-1189
-1082
-978
-874
-775
-685
-608
-555
-531
-537
-568
-621
-689
-762
-834
-910
-994
-1080
-1173
-1263
-1348
-1412
-1456
-1472
-1468
-1445
-1414
-1385
-1367
-1367
-1394
-1449
-1532
-1638
-1757
-1869
-1968
-2033
-2059
-2032
-1960
-1844
-1688
-1517
-1337
-1169
-1025
-911
-826
-767
-728
-699
-679
-670
-675
-696
-733
-779
-827
-859
-866
-842
-785
-702
-606
-506
-412
-341
-296
-285
-310
-377
-490
-644
-833
-1050
-1275
-1498
-1701
-1874
-2013
-2112
-2174
-2200
-2193
-2163
-2106
-2033
-1943
-1841
-1726
-1603
-1478
-1350
-1230
-1128
-1042
-978
-938
-919
-922
-942
-985
-1046
-1121
-1206
-1288
-1367
-1429
-1480
-1518
-1554
-1594
-1645
-1709
-1780
-1856
-1929
-1992
-2045
-2088
-2120
-2147
-2168
-2186
-2193
-2188
-2160
-2109
-2031
-1930
-1815
-1695
-1580
-1477
-1395
-1323
-1263
-1199
-1126
-1040
-947
-846
-750
-667
-605
-565
-545
-546
-565
-597
-642
-700
-764
-830
-889
-940
-974
-1002
-1028
-1061
-1107
-1174
-1258
-1360
-1480
-1615
-1767
-1932
-2106
-2277
-2436
-2572
-2675
-2746
-2784
-2794
-2782
-2755
-2722
-2683
-2644
-2601
-2552
-2487
-2396
-2265
-2090
-1869
-1608
-1325
-1043
-781
-564
-403
-305
-266
-280
-339
-436
-565
-712
-873
-1028
-1166
-1280
-1364
-1420
-1455
-1481
-1508
-1545
-1599
-1679
-1778
-1898
-2031
-2158
-2267
-2340
-2377
-2380
-2349
-2310
-2285
-2277
-2304
-2357
-2427
-2499
-2555
-2582
-2568
-2514
-2419
-2293
-2143
-1984
-1829
-1685
-1562
-1464
-1387
-1334
-1298
-1285
-1288
-1313
-1355
-1411
-1473
-1531
-1578
-1607
-1614
-1611
-1606
-1608
-1625
-1661
-1711
-1765
-1820
-1863
-1893
-1907
-1906
-1893
-1872
-1848
-1825
-1809
-1799
-1797
-1803
-1817
-1832
-1852
-1872
-1889
-1892
-1880
-1848
-1797
-1729
-1658
-1595
-1551
-1530
-1536
-1563
-1599
-1629
-1641
-1628
-1590
-1528
-1464
-1412
-1383
-1392
-1436
-1517
-1626
-1751
-1881
-2016
-2147
-2274
-2394
-2511
-2614
-2699
-2765
-2803
-2815
-2799
-2763
-2715
-2667
-2624
-2591
-2571
-2562
-2560
-2561
-2557
-2550
-2534
-2507
-2466
-2407
-2329
-2237
-2128
-2015
-1898
-1794
-1700
-1616
-1549
-1493
-1447
-1416
-1404
-1415
-1456
-1523
-1615
-1723
-1841
-1956
-2067
-2170
-2266
-2354
-2440
-2519
-2593
-2658
-2715
-2758
-2783
-2793
-2786
-2761
-2721
-2667
-2606
-2534
-2460
-2381
-2301
-2224
-2151
-2086
-2034
-1997
-1979
-1978
-1992
-2015
-2042
-2068
-2091
-2105
-2102
-2079
-2035
-1971
-1896
-1821
-1762
-1730
-1726
-1745
-1781
-1814
-1833
-1840
-1825
-1799
-1768
-1743
-1730
-1734
-1756
-1801
-1862
-1940
-2029
-2121
-2212
-2296
-2365
-2417
-2452
-2468
-2468
-2459
-2444
-2427
-2408
-2383
-2350
-2306
-2249
-2186
-2123
-2064
-2021
-1998
-1995
-2010
-2043
-2084
-2126
-2161
-2185
-2188
-2172
-2138
-2095
-2049
-2017
-2006
-2020
-2064
-2132
-2218
-2310
-2401
-2482
-2547
-2593
-2623
-2629
-2619
-2593
-2552
-2501
-2447
-2392
-2347
-2310
-2293
-2291
-2300
-2312
-2321
-2319
-2304
-2274
-2236
-2189
-2143
-2101
-2073
-2064
-2076
-2113
-2175
-2261
-2365
-2475
-2582
-2673
-2736
-2767
-2758
-2711
-2634
-2535
-2427
-2320
-2217
-2128
-2052
-1988
-1937
-1904
-1888
-1891
-1915
-1962
-2030
-2110
-2194
-2278
-2352
-2418
-2466
-2501
-2523
-2527
-2517
-2493
-2454
-2403
-2344
-2280
-2214
-2156
-2112
-2085
-2079
-2098
-2132
-2171
-2201
-2213
-2194
-2131
-2039
-1917
-1787
-1667
-1571
-1518
-1509
-1548
-1625
-1735
-1856
-1983
-2105
-2213
-2306
-2387
-2459
-2526
-2592
-2658
-2724
-2788
-2840
-2875
-2889
-2883
-2860
-2825
-2789
-2754
-2729
-2711
-2696
-2671
-2634
-2574
-2487
-2380
-2251
-2120
-1997
-1898
-1831
-1798
-1796
-1816
-1841
-1862
-1871
-1859
-1830
-1785
-1731
-1675
-1622
-1579
-1549
-1531
-1533
-1553
-1588
-1639
-1699
-1766
-1839
-1915
-1995
-2077
-2161
-2244
-2321
-2394
-2458
-2513
-2554
-2578
-2580
-2562
-2519
-2459
-2382
-2301
-2217
-2132
-2052
-1972
-1889
-1808
-1727
-1656
-1599
-1564
-1550
-1560
-1587
-1628
-1675
-1724
-1777
-1823
-1867
-1899
-1916
-1915
-1892
-1857
-1814
-1771
-1741
-1729
-1740
-1774
-1829
-1898
-1982
-2074
-2164
-2242
-2298
-2322
-2309
-2259
-2176
-2076
-1972
-1882
-1818
-1788
-1789
-1821
-1861
-1894
-1904
-1878
-1811
-1703
-1567
-1420
-1287
-1179
-1109
-1076
-1072
-1089
-1106
-1122
-1129
-1131
-1140
-1169
-1225
-1310
-1423
-1547
-1667
-1771
-1839
-1867
-1860
-1821
-1771
-1726
-1698
-1696
-1726
-1784
-1865
-1961
-2070
-2184
-2300
-2409
-2511
-2596
-2657
-2690
-2691
-2659
-2595
-2501
-2376
-2223
-2052
-1861
-1663
-1466
-1285
-1128
-1004
-920
-875
-868
-892
-946
-1027
-1124
-1233
-1344
-1438
-1505
-1538
-1538
-1508
-1465
-1422
-1400
-1401
-1434
-1497
-1585
-1687
-1800
-1904
-2000
-2080
-2146
-2207
-2265
-2329
-2407
-2492
-2581
-2666
-2736
-2780
-2793
-2769
-2708
-2614
-2488
-2338
-2171
-1994
-1814
-1641
-1476
-1324
-1183
-1051
-925
-815
-727
-667
-650
-682
-764
-887
-1036
-1196
-1355
-1506
-1639
-1759
-1860
-1947
-2016
-2069
-2108
-2137
-2155
-2167
-2175
-2176
-2173
-2160
-2142
-2123
-2102
-2075
-2044
-2006
-1962
-1912
-1863
-1813
-1768
-1728
-1685
-1630
-1561
-1474
-1372
-1262
-1156
-1063
-987
-935
-906
-904
-924
-960
-1014
-1075
-1138
-1198
-1245
-1280
-1300
-1311
-1316
-1321
-1332
-1346
-1372
-1409
-1463
-1535
-1627
-1742
-1869
-2005
-2135
-2254
-2357
-2441
-2509
-2562
-2598
-2618
-2614
-2587
-2528
-2435
-2306
-2147
-1958
-1753
-1548
-1356
-1189
-1058
-963
-904
-867
-849
-839
-834
-838
-858
-892
-954
-1039
-1142
-1264
-1395
-1527
-1657
-1777
-1888
-1986
-2065
-2131
-2180
-2221
-2253
-2288
-2325
-2368
-2415
-2466
-2525
-2593
-2673
-2768
-2872
-2979
-3072
-3140
-3168
-3143
-3065
-2927
-2740
-2513
-2259
-1996
-1738
-1498
-1288
-1107
-958
-830
-709
-588
-463
-339
-224
-132
-76
-59
-83
-142
-226
-333
-459
-602
-761
-939
-1125
-1315
-1504
-1682
-1847
-1994
-2122
-2219
-2289
-2320
-2317
-2281
-2214
-2135
-2056
-1993
-1957
-1956
-1998
-2074
-2172
-2267
-2340
-2371
-2344
-2264
-2136
-1979
-1815
-1665
-1536
-1433
-1356
-1298
-1253
-1224
-1213
-1223
-1261
-1321
-1396
-1480
-1560
-1625
-1674
-1703
-1712
-1714
-1707
-1701
-1702
-1715
-1750
-1804
-1876
-1959
-2048
-2127
-2192
-2236
-2258
-2259
-2242
-2213
-2179
-2152
-2130
-2114
-2105
-2094
-2072
-2023
-1941
-1819
-1664
-1477
-1276
-1080
-912
-781
-699
-667
-675
-713
-766
-827
-884
-941
-999
-1064
-1139
-1227
-1324
-1432
-1539
-1641
-1733
-1813
-1885
-1954
-2015
-2068
-2105
-2114
-2090
-2030
-1935
-1821
-1701
-1594
-1508
-1456
-1435
-1438
-1457
-1479
-1491
-1485
-1453
-1397
-1321
-1229
-1135
-1049
-977
-922
-887
-865
-855
-852
-856
-868
-894
-937
-1001
-1079
-1167
-1253
-1331
-1398
-1454
-1508
-1564
-1631
-1709
-1792
-1879
-1964
-2041
-2114
-2179
-2235
-2288
-2336
-2378
-2418
-2457
-2499
-2540
-2577
-2607
-2624
-2623
-2601
-2550
-2472
-2368
-2238
-2091
-1935
-1775
-1619
-1478
-1354
-1253
-1175
-1125
-1100
-1103
-1125
-1163
-1208
-1247
-1270
-1268
-1244
-1198
-1148
-1109
-1095
-1121
-1188
-1287
-1411
-1541
-1671
-1781
-1871
-1926
-1950
-1942
-1910
-1859
-1803
-1754
-1726
-1722
-1747
-1797
-1858
-1925
-1982
-2015
-2015
-1982
-1916
-1819
-1701
-1572
-1444
-1324
-1213
-1115
-1034
-970
-924
-906
-914
-953
-1029
-1129
-1250
-1376
-1500
-1617
-1718
-1808
-1886
-1951
-2006
-2051
-2088
-2118
-2149
-2178
-2209
-2237
-2258
-2268
-2264
-2247
-2225
-2204
-2191
-2188
-2198
-2216
-2238
-2254
-2261
-2250
-2226
-2184
-2130
-2067
-2002
-1936
-1869
-1808
-1745
-1678
-1600
-1510
-1410
-1305
-1204
-1117
-1059
-1037
-1047
-1085
-1135
-1188
-1230
-1257
-1272
-1283
-1305
-1335
-1390
-1458
-1545
-1644
-1756
-1873
-1996
-2118
-2235
-2345
-2438
-2515
-2570
-2605
-2618
-2609
-2579
-2529
-2458
-2369
-2266
-2152
-2031
-1904
-1777
-1654
-1540
-1438
-1355
-1284
-1230
-1189
-1159
-1133
-1110
-1093
-1078
-1070
-1073
-1084
-1107
-1149
-1217
-1311
-1435
-1583
-1741
-1897
-2024
-2112
-2150
-2141
-2087
-2010
-1917
-1833
-1764
-1719
-1701
-1714
-1755
-1821
-1908
-2008
-2115
-2221
-2315
-2386
-2421
-2413
-2346
-2223
-2051
-1843
-1616
-1399
-1211
-1060
-953
-888
-859
-865
-900
-966
-1065
-1201
-1372
-1573
-1792
-2016
-2237
-2443
-2628
-2787
-2921
-3032
-3119
-3186
-3236
-3266
-3280
-3279
-3261
-3226
-3179
-3117
-3045
-2969
-2895
-2829
-2775
-2732
-2695
-2655
-2609
-2550
-2476
-2393
-2305
-2221
-2141
-2065
-1989
-1908
-1809
-1692
-1554
-1399
-1241
-1093
-972
-889
-860
-891
-981
-1118
-1301
-1502
-1716
-1923
-2115
-2285
-2429
-2549
-2639
-2706
-2745
-2762
-2759
-2745
-2721
-2698
-2678
-2669
-2664
-2658
-2647
-2619
-2577
-2507
-2421
-2319
-2210
-2098
-1991
-1889
-1796
-1709
-1622
-1542
-1466
-1397
-1333
-1277
-1231
-1190
-1156
-1129
-1110
-1106
-1126
-1173
-1250
-1357
-1478
-1609
-1734
-1841
-1925
-1980
-2012
-2030
-2037
-2041
-2046
-2053
-2058
-2060
-2052
-2035
-2005
-1964
-1916
-1872
-1838
-1820
-1822
-1842
-1871
-1903
-1932
-1945
-1942
-1922
-1891
-1855
-1821
-1792
-1779
-1784
-1815
-1866
-1937
-2026
-2119
-2214
-2301
-2379
-2444
-2495
-2532
-2557
-2568
-2570
-2558
-2542
-2523
-2502
-2481
-2462
-2437
-2413
-2380
-2346
-2309
-2275
-2250
-2240
-2248
-2279
-2332
-2404
-2487
-2575
-2657
-2729
-2781
-2808
-2811
-2781
-2718
-2623
-2499
-2350
-2184
-2009
-1836
-1677
-1536
-1420
-1331
-1268
-1230
-1217
-1224
-1262
-1335
-1446
-1595
-1774
-1970
-2162
-2327
-2449
-2511
-2509
-2442
-2318
-2159
-1973
-1789
-1621
-1488
-1398
-1362
-1383
-1457
-1584
-1745
-1930
-2117
-2289
-2433
-2536
-2587
-2587
-2535
-2443
-2315
-2168
-2014
-1863
-1729
-1623
-1554
-1527
-1548
-1610
-1703
-1816
-1933
-2041
-2131
-2193
-2236
-2262
-2280
-2303
-2336
-2376
-2428
-2481
-2542
-2597
-2651
-2696
-2730
-2748
-2737
-2693
-2610
-2493
-2349
-2189
-2028
-1874
-1747
-1643
-1568
-1518
-1496
-1491
-1508
-1542
-1594
-1667
-1752
-1844
-1931
-2002
-2046
-2058
-2041
-1992
-1928
-1862
-1805
-1770
-1763
-1788
-1842
-1918
-1997
-2073
-2120
-2134
-2107
-2049
-1967
-1888
-1827
-1795
-1809
-1861
-1941
-2041
-2146
-2238
-2316
-2373
-2413
-2439
-2457
-2473
-2478
-2475
-2457
-2416
-2349
-2255
-2145
-2022
-1901
-1796
-1718
-1669
-1654
-1669
-1700
-1749
-1804
-1866
-1931
-2005
-2083
-2162
-2236
-2299
-2340
-2354
-2333
-2277
-2188
-2067
-1924
-1769
-1620
-1483
-1378
-1313
-1283
-1293
-1334
-1393
-1457
-1521
-1576
-1626
-1673
-1723
-1778
-1845
-1930
-2029
-2148
-2277
-2411
-2538
-2648
-2726
-2767
-2766
-2726
-2646
-2537
-2407
-2263
-2118
-1983
-1863
-1765
-1686
-1628
-1591
-1569
-1563
-1569
-1584
-1608
-1633
-1658
-1678
-1691
-1703
-1714
-1729
-1749
-1776
-1806
-1834
-1859
-1880
-1908
-1947
-2005
-2086
-2185
-2291
-2390
-2465
-2510
-2518
-2492
-2441
-2374
-2301
-2234
-2174
-2132
-2106
-2096
-2094
-2102
-2113
-2130
-2143
-2160
-2174
-2185
-2190
-2183
-2166
-2131
-2083
-2022
-1950
-1869
-1782
-1694
-1610
-1533
-1470
-1427
-1408
-1405
-1420
-1441
-1462
-1478
-1492
-1506
-1530
-1575
-1636
-1715
-1796
-1869
-1922
-1947
-1947
-1922
-1884
-1840
-1801
-1772
-1757
-1758
-1768
-1788
-1812
-1836
-1854
-1863
-1866
-1860
-1855
-1855
-1862
-1880
-1905
-1937
-1972
-2006
-2032
-2046
-2051
-2038
-2007
-1958
-1892
-1810
-1723
-1636
-1554
-1479
-1414
-1356
-1311
-1278
-1254
-1243
-1242
-1248
-1256
-1264
-1271
-1273
-1282
-1293
-1310
-1327
-1340
-1339
-1323
-1287
-1240
-1192
-1150
-1128
-1129
-1160
-1215
-1299
-1406
-1533
-1676
-1825
-1974
-2113
-2230
-2318
-2374
-2396
-2386
-2350
-2292
-2226
-2155
-2087
-2030
-1984
-1943
-1903
-1860
-1814
-1765
-1720
-1685
-1671
-1680
-1712
-1760
-1822
-1887
-1951
-2006
-2047
-2072
-2081
-2079
-2067
-2060
-2060
-2078
-2115
-2168
-2230
-2290
-2335
-2356
-2343
-2295
-2210
-2093
-1956
-1812
-1675
-1553
-1459
-1389
-1340
-1300
-1263
-1216
-1164
-1104
-1054
-1021
-1019
-1049
-1111
-1198
-1298
-1401
-1493
-1568
-1624
-1658
-1676
-1685
-1693
-1712
-1743
-1794
-1861
-1941
-2023
-2102
-2167
-2220
-2257
-2284
-2305
-2319
-2330
-2342
-2350
-2360
-2373
-2386
-2404
-2416
-2424
-2420
-2396
-2351
-2286
-2201
-2104
-2007
-1911
-1822
-1750
-1701
-1675
-1674
-1695
-1731
-1771
-1800
-1809
-1797
-1764
-1722
-1679
-1639
-1610
-1591
-1584
-1590
-1610
-1646
-1701
-1773
-1856
-1948
-2034
-2108
-2165
-2202
-2221
-2223
-2215
-2198
-2173
-2144
-2110
-2071
-2024
-1964
-1886
-1788
-1666
-1519
-1359
-1194
-1041
-911
-813
-748
-718
-714
-732
-766
-813
-867
-925
-980
-1031
-1073
-1108
-1131
-1142
-1137
-1115
-1069
-1010
-932
-858
-794
-760
-762
-810
-902
-1035
-1196
-1363
-1521
-1649
-1730
-1754
-1709
-1606
-1452
-1271
-1089
-939
-842
-823
-886
-1021
-1204
-1409
-1609
-1775
-1894
-1955
-1966
-1925
-1849
-1748
-1632
-1517
-1402
-1306
-1227
-1174
-1152
-1165
-1213
-1298
-1408
-1534
-1668
-1792
-1901
-1985
-2047
-2083
-2100
-2104
-2102
-2097
-2095
-2103
-2118
-2144
-2177
-2213
-2248
-2271
-2281
-2269
-2231
-2160
-2059
-1936
-1787
-1631
-1482
-1355
-1262
-1212
-1206
-1233
-1278
-1321
-1340
-1327
-1274
-1180
-1058
-920
-778
-648
-542
-473
-452
-483
-566
-698
-865
-1054
-1249
-1430
-1590
-1713
-1797
-1842
-1846
-1820
-1772
-1718
-1662
-1612
-1576
-1545
-1521
-1499
-1474
-1444
-1412
-1369
-1323
-1267
-1208
-1147
-1087
-1036
-998
-969
-951
-939
-930
-924
-914
-906
-900
-894
-897
-905
-921
-944
-976
-1023
-1086
-1169
-1273
-1388
-1511
-1631
-1741
-1838
-1918
-1990
-2050
-2110
-2172
-2244
-2324
-2413
-2508
-2606
-2699
-2789
-2864
-2927
-2976
-3008
-3024
-3022
-2998
-2960
-2905
-2834
-2749
-2652
-2546
-2426
-2298
-2162
-2019
-1871
-1727
-1594
-1484
-1405
-1362
-1362
-1405
-1488
-1608
-1758
-1936
-2131
-2332
-2523
-2694
-2830
-2917
-2949
-2923
-2840
-2701
-2524
-2321
-2114
-1919
-1754
-1628
-1546
-1505
-1502
-1526
-1566
-1614
-1665
-1709
-1746
-1769
-1781
-1778
-1765
-1746
-1727
-1714
-1715
-1730
-1765
-1809
-1858
-1905
-1939
-1955
-1944
-1908
-1840
-1751
-1643
-1533
-1433
-1360
-1330
-1344
-1406
-1506
-1639
-1786
-1938
-2093
-2235
-2369
-2488
-2592
-2678
-2746
-2794
-2826
-2839
-2838
-2818
-2786
-2737
-2672
-2589
-2494
-2385
-2263
-2138
-2012
-1884
-1756
-1633
-1514
-1402
-1298
-1202
-1121
-1057
-1012
-990
-999
-1037
-1107
-1203
-1320
-1450
-1592
-1739
-1893
-2051
-2215
-2379
-2541
-2691
-2825
-2938
-3028
-3092
-3129
-3140
-3131
-3108
-3080
-3057
-3044
-3051
-3078
-3122
-3178
-3228
-3259
-3260
-3227
-3153
-3046
-2917
-2781
-2649
-2532
-2435
-2353
-2281
-2210
-2132
-2040
-1936
-1827
-1722
-1629
-1560
-1523
-1519
-1552
-1617
-1714
-1833
-1964
-2097
-2213
-2299
-2349
-2350
-2313
-2244
-2154
-2062
-1984
-1925
-1897
-1906
-1944
-2012
-2096
-2185
-2270
-2344
-2400
-2436
-2454
-2462
-2459
-2451
-2446
-2443
-2443
-2450
-2462
-2477
-2488
-2497
-2492
-2472
-2434
-2377
-2313
-2243
-2182
-2133
-2100
-2076
-2054
-2025
-1980
-1913
-1834
-1752
-1679
-1634
-1616
-1630
-1669
-1729
-1805
-1885
-1981
-2085
-2205
-2338
-2474
-2606
-2724
-2816
-2877
-2902
-2893
-2855
-2797
-2724
-2647
-2570
-2497
-2430
-2377
-2333
-2303
-2289
-2290
-2303
-2324
-2349
-2368
-2374
-2367
-2352
-2336
-2325
-2326
-2343
-2369
-2392
-2414
-2427
-2429
-2428
-2431
-2439
-2460
-2486
-2516
-2544
-2565
-2571
-2570
-2560
-2544
-2525
-2508
-2504
-2503
-2513
-2533
-2560
-2595
-2634
-2680
-2727
-2771
-2804
-2814
-2794
-2740
-2649
-2529
-2392
-2253
-2130
-2035
-1982
-1977
-2018
-2099
-2210
-2336
-2459
-2564
-2638
-2678
-2679
-2648
-2593
-2525
-2461
-2405
-2366
-2341
-2327
-2312
-2281
-2226
-2144
-2037
-1916
-1800
-1701
-1638
-1615
-1635
-1687
-1760
-1835
-1900
-1938
-1950
-1929
-1883
-1826
-1769
-1723
-1696
-1697
-1722
-1770
-1838
-1914
-1991
-2065
-2133
-2193
-2242
-2281
-2316
-2350
-2388
-2438
-2499
-2573
-2654
-2731
-2802
-2856
-2891
-2905
-2908
-2899
-2891
-2883
-2884
-2889
-2899
-2906
-2908
-2899
-2878
-2849
-2816
-2785
-2759
-2745
-2744
-2760
-2782
-2822
-2869
-2924
-2981
-3039
-3091
-3135
-3169
-3187
-3190
-3174
-3143
-3094
-3034
-2960
-2876
-2785
-2696
-2606
-2525
-2444
-2377
-2313
-2264
-2226
-2204
-2202
-2219
-2253
-2301
-2362
-2428
-2495
-2563
-2620
-2670
-2705
-2715
-2702
-2660
-2592
-2504
-2412
-2323
-2255
-2213
-2200
-2211
-2235
-2260
-2272
-2263
-2220
-2149
-2055
-1950
-1848
-1766
-1716
-1703
-1730
-1790
-1872
-1966
-2056
-2137
-2197
-2237
-2258
-2259
-2248
-2228
-2207
-2188
-2176
-2173
-2178
-2194
-2208
-2220
-2222
-2212
-2191
-2162
-2132
-2104
-2097
-2101
-2124
-2166
-2212
-2259
-2299
-2319
-2316
-2286
-2235
-2163
-2083
-1994
-1904
-1823
-1756
-1702
-1671
-1663
-1681
-1721
-1786
-1867
-1968
-2078
-2198
-2316
-2425
-2518
-2582
-2618
-2624
-2611
-2584
-2555
-2533
-2520
-2517
-2525
-2534
-2542
-2547
-2543
-2531
-2511
-2488
-2458
-2428
-2400
-2371
-2346
-2324
-2302
-2275
-2240
-2199
-2151
-2099
-2040
-1980
-1922
-1867
-1814
-1766
-1722
-1694
-1683
-1691
-1719
-1762
-1806
-1849
-1875
-1884
-1874
-1854
-1829
-1811
-1805
-1806
-1811
-1815
-1806
-1779
-1732
-1664
-1588
-1511
-1439
-1384
-1348
-1329
-1329
-1340
-1358
-1385
-1421
-1465
-1519
-1585
-1665
-1753
-1842
-1933
-2017
-2099
-2169
-2221
-2258
-2270
-2257
-2215
-2151
-2068
-1973
-1876
-1787
-1716
-1671
-1658
-1677
-1722
-1786
-1852
-1912
-1952
-1972
-1972
-1966
-1964
-1972
-2000
-2045
-2101
-2155
-2198
-2229
-2240
-2240
-2233
-2227
-2231
-2240
-2265
-2293
-2323
-2349
-2364
-2360
-2339
-2300
-2243
-2175
-2105
-2039
-1987
-1954
-1946
-1965
-2007
-2062
-2129
-2193
-2244
-2280
-2297
-2295
-2281
-2257
-2228
-2198
-2161
-2112
-2049
-1963
-1856
-1730
-1603
-1485
-1392
-1340
-1330
-1365
-1438
-1537
-1650
-1757
-1848
-1910
-1938
-1926
-1874
-1797
-1699
-1597
-1503
-1425
-1371
-1339
-1324
-1313
-1303
-1285
-1256
-1219
-1185
-1154
-1132
-1131
-1148
-1186
-1244
-1318
-1404
-1496
-1585
-1667
-1741
-1802
-1849
-1884
-1904
-1906
-1892
-1864
-1825
-1784
-1739
-1699
-1670
-1650
-1643
-1656
-1690
-1745
-1827
-1925
-2037
-2155
-2269
-2367
-2441
-2483
-2491
-2462
-2404
-2324
-2235
-2146
-2070
-2015
-1984
-1976
-1989
-2009
-2031
-2042
-2039
-2015
-1976
-1920
-1855
-1783
-1713
-1650
-1607
-1583
-1582
-1595
-1614
-1634
-1646
-1652
-1652
-1659
-1672
-1698
-1735
-1780
-1830
-1880
-1928
-1975
-2010
-2034
-2048
-2046
-2027
-1992
-1949
-1899
-1846
-1800
-1758
-1726
-1702
-1686
-1677
-1681
-1699
-1732
-1783
-1853
-1939
-2034
-2131
-2214
-2278
-2305
-2289
-2231
-2139
-2028
-1921
-1835
-1791
-1798
-1858
-1959
-2094
-2242
-2388
-2525
-2636
-2719
-2775
-2799
-2794
-2771
-2726
-2672
-2607
-2535
-2463
-2379
-2288
-2191
-2090
-1983
-1879
-1779
-1690
-1613
-1553
-1505
-1475
-1461
-1464
-1483
-1523
-1579
-1650
-1736
-1830
-1924
-2012
-2081
-2130
-2146
-2132
-2091
-2035
-1969
-1911
-1868
-1850
-1858
-1894
-1952
-2030
-2118
-2211
-2297
-2371
-2427
-2462
-2472
-2466
-2443
-2412
-2370
-2328
-2280
-2226
-2171
-2112
-2059
-2017
-1990
-1983
-1995
-2023
-2057
-2092
-2119
-2134
-2138
-2137
-2137
-2150
-2182
-2235
-2302
-2369
-2422
-2439
-2408
-2327
-2202
-2049
-1899
-1773
-1693
-1676
-1721
-1821
-1965
-2134
-2309
-2478
-2622
-2729
-2795
-2815
-2790
-2730
-2641
-2536
-2427
-2314
-2214
-2123
-2047
-1985
-1937
-1907
-1893
-1899
-1931
-1984
-2057
-2144
-2237
-2324
-2404
-2467
-2520
-2558
-2592
-2616
-2628
-2626
-2600
-2543
-2446
-2313
-2152
-1978
-1808
-1660
-1553
-1487
-1472
-1501
-1568
-1671
-1792
-1930
-2072
-2210
-2331
-2430
-2508
-2561
-2590
-2606
-2612
-2615
-2619
-2627
-2640
-2652
-2662
-2659
-2639
-2599
-2539
-2462
-2374
-2283
-2197
-2116
-2049
-1994
-1950
-1919
-1894
-1879
-1870
-1860
-1847
-1826
-1797
-1753
-1699
-1644
-1587
-1539
-1502
-1476
-1464
-1461
-1467
-1487
-1521
-1569
-1641
-1725
-1824
-1929
-2041
-2153
-2268
-2383
-2499
-2610
-2714
-2801
-2870
-2915
-2946
-2957
-2959
-2952
-2941
-2924
-2904
-2877
-2849
-2819
-2792
-2766
-2748
-2736
-2733
-2737
-2750
-2764
-2776
-2775
-2759
-2724
-2670
-2603
-2531
-2462
-2403
-2358
-2330
-2319
-2326
-2357
-2409
-2485
-2578
-2677
-2774
-2858
-2925
-2968
-2986
-2980
-2958
-2911
-2847
-2772
-2693
-2614
-2541
-2484
-2432
-2395
-2356
-2314
-2265
-2210
-2155
-2103
-2061
-2032
-2014
-2002
-1993
-1981
-1971
-1963
-1959
-1962
-1973
-1986
-2001
-2014
-2022
-2031
-2039
-2050
-2059
-2067
-2065
-2047
-2014
-1960
-1887
-1800
-1709
-1621
-1547
-1499
-1481
-1503
-1572
-1678
-1821
-1986
-2160
-2331
-2486
-2607
-2684
-2712
-2696
-2637
-2552
-2454
-2363
-2289
-2241
-2223
-2228
-2245
-2263
-2272
-2258
-2219
-2155
-2067
-1960
-1846
-1732
-1626
-1538
-1466
-1414
-1377
-1352
-1338
-1327
-1324
-1330
-1346
-1371
-1409
-1451
-1495
-1534
-1566
-1588
-1602
-1611
-1617
-1631
-1652
-1684
-1732
-1792
-1863
-1933
-1997
-2041
-2062
-2053
-2019
-1966
-1905
-1854
-1818
-1808
-1824
-1858
-1910
-1961
-2002
-2025
-2020
-1988
-1931
-1855
-1771
-1693
-1636
-1601
-1593
-1613
-1650
-1699
-1754
-1818
-1886
-1958
-2029
-2095
-2146
-2182
-2191
-2183
-2157
-2119
-2084
-2055
-2041
-2049
-2082
-2132
-2196
-2257
-2310
-2338
-2343
-2322
-2281
-2232
-2179
-2131
-2092
-2062
-2036
-2006
-1963
-1904
-1820
-1713
-1582
-1435
-1274
-1106
-943
-788
-645
-520
-411
-325
-262
-231
-238
-284
-377
-508
-670
-853
-1040
-1224
-1393
-1538
-1653
-1740
-1799
-1825
-1821
-1789
-1732
-1660
-1579
-1506
-1451
-1417
-1415
-1439
-1483
-1539
-1598
-1665
-1730
-1795
-1864
-1934
-1996
-2044
-2067
-2055
-2001
-1902
-1764
-1598
-1424
-1261
-1127
-1029
-973
-959
-978
-1025
-1095
-1187
-1293
-1406
-1521
-1625
-1710
-1782
-1839
-1888
-1937
-1989
-2049
-2106
-2163
-2209
-2233
-2232
-2203
-2150
-2079
-1991
-1903
-1821
-1755
-1707
-1682
-1679
-1688
-1707
-1729
-1743
-1747
-1748
-1751
-1757
-1777
-1811
-1861
-1920
-1981
-2042
-2093
-2132
-2153
-2157
-2144
-2118
-2089
-2066
-2057
-2066
-2097
-2144
-2205
-2270
-2334
-2392
-2439
-2475
-2496
-2502
-2492
-2464
-2413
-2337
-2236
-2109
-1962
-1801
-1642
-1493
-1370
-1281
-1233
-1227
-1258
-1324
-1412
-1514
-1621
-1723
-1810
-1870
-1901
-1902
-1871
-1821
-1762
-1713
-1675
-1655
-1649
-1642
-1617
-1560
-1455
-1302
-1091
-839
-545
-218
135
518
924
1355
1807
2278
2751
3214
3647
4031
4359
4618
4819
4975
5112
5253
5427
5657
5958
6331
6772
7263
7784
8312
8828
9313
9753
10138
10459
10711
10896
11014
11078
11093
11075
11028
10954
10855
10734
10588
10422
10242
10060
9877
9706
9550
9418
9307
9227
9178
9163
9191
9261
9379
9548
9765
10034
10342
10684
11046
11414
11768
12095
12379
12605
12782
12903
12981
13029
13060
13085
13111
13146
13199
13278
13396
13563
13781
14053
14363
14695
15029
15348
15635
15884
16097
16279
16445
16602
16761
16919
17073
17218
17343
17443
17511
17545
17549
17520
17453
17354
17210
17019
16770
16466
16101
15690
15250
14811
14397
14044
13768
13585
13498
13504
13581
13709
13863
14015
14146
14238
14284
14283
14248
14194
14149
14132
14166
14259
14409
14604
14819
15029
15205
15321
15368
15339
15238
15077
14868
14629
14373
14112
13855
13612
13389
13188
13022
12890
12797
12746
12735
12762
12818
12894
12982
13079
13182
13293
13414
13550
13699
13857
14009
14143
14242
14290
14279
14199
14056
13851
13593
13297
12971
12636
12298
11970
11658
11358
11069
10785
10497
10200
9889
9582
9297
9066
8940
8959
9161
9566
10180
10981
11940
13032
14223
15514
16905
18414
20067
21877
23857
25993
28253
30588
32932
35219
37380
39347
41067
42493
43593
44347
44763
44853
44669
44263
43715
43093
42473
41923
41507
41275
41273
41530
42055
42838
43845
45026
46317
47646
48962
50207
51358
52399
53331
54164
54903
55554
56108
56566
56913
57146
57260
57262
57166
56992
56765
56508
56251
56002
55778
55583
55427
55330
55309
55393
55595
55929
56376
56916
57507
58106
58668
59148
59522
59760
59849
59795
59606
59298
58889
58391
57822
57198
56533
55860
55200
54583
54030
53560
53182
52909
52740
52682
52730
52866
53061
53283
53495
53649
53721
53685
53514
53198
52723
52088
51291
50347
49268
48076
46794
45451
44076
42710
41387
40150
39030
38047
37220
36547
36019
35626
35354
35193
35120
35132
35218
35361
35546
35755
35957
36116
36198
36166
35986
35636
35101
34372
33448
32346
31089
29723
28300
26884
25542
24328
23289
22450
21820
21394
21155
21082
21147
21325
21593
21926
22307
22716
23137
23562
23978
24383
24773
25139
25477
25763
25973
26076
26040
25839
25459
24891
24151
23260
22251
21157
20009
18842
17684
16562
15506
14538
13687
12977
12418
12021
11781
11685
11719
11858
12082
12372
12712
13089
13484
13885
14267
14614
14910
15138
15301
15390
15418
15385
15298
15156
14970
14754
14518
14273
14026
13772
13494
13172
12777
12301
11744
11129
10490
9883
9353
8950
8701
8619
8703
8922
9245
9646
10088
10549
11022
11506
12006
12522
13051
13581
14089
14542
14910
15165
15291
15290
15176
14977
14738
14496
14293
14157
14110
14154
14282
14479
14726
15009
15321
15659
16025
16417
16836
17263
17683
18070
18408
18688
18908
19087
19245
19403
19582
19779
19990
20194
20361
20469
20501
20444
20301
20074
19776
19418
19014
18585
18138
17699
17275
16874
16502
16160
15847
15569
15331
15131
14982
14876
14799
14734
14662
14560
14410
14200
13928
13598
13214
12790
12335
11863
11385
10909
10445
10000
9582
9197
8852
8545
8273
8029
7806
7592
7383
7182
7002
6866
6794
6820
6967
7250
7680
8247
8939
9740
10630
11584
12577
13590
14583
15534
16426
17262
18061
18852
19672
20554
21503
22506
23518
24479
25324
25981
26408
26586
26525
26258
25841
25328
24775
24224
23720
23295
22986
22817
22820
22999
23355
23866
24491
25173
25843
26423
26859
27116
27190
27114
26938
26715
26486
26274
26088
25929
25785
25654
25531
25415
25304
25204
25127
25092
25110
25199
25350
25540
25734
25892
25980
25988
25930
25839
25757
25718
25742
25825
25953
26100
26230
26318
26352
26302
26157
25896
25509
24998
24386
23723
23058
22454
21950
21571
21308
21149
21058
21017
21011
21039
21106
21212
21358
21534
21723
21907
22073
22208
22312
22378
22402
22374
22296
22165
21987
21772
21530
21255
20954
20624
20274
19928
19603
19327
19115
18965
18860
18765
18651
18491
18273
17992
17671
17331
17012
16754
16598
16572
16687
16936
17280
17675
18068
18407
18669
18848
18961
19043
19132
19270
19480
19776
20165
20645
21202
21824
22483
23154
23794
24372
24851
25196
25379
25386
25201
24828
24287
23609
22829
22006
21176
20384
19648
18977
18369
17803
17255
16706
16139
15569
15009
14495
14062
13758
13607
13628
13823
14164
14614
15121
15624
16074
16426
16658
16778
16816
16821
16857
16982
17232
17619
18127
18709
19309
19863
20320
20638
20807
20828
20728
20534
20285
20000
19703
19385
19040
18649
18193
17666
17071
16427
15759
15097
14479
13930
13473
13131
12900
12786
12769
12833
12948
13086
13220
13334
13402
13415
13359
13234
13035
12768
12449
12086
11703
11321
10956
10623
10328
10076
9868
9700
9565
9469
9410
9396
9439
9546
9723
9972
10279
10612
10937
11205
11376
11415
11297
11024
10610
10090
9509
8921
8378
7923
7589
7383
7297
7307
7384
7488
7589
7663
7690
7663
7579
7439
7256
7034
6784
6517
6247
5976
5721
5486
5278
5098
4947
4817
4703
4598
4496
4392
4286
4166
4024
3854
3647
3403
3130
2851
2590
2382
2256
2230
2305
2475
2711
2983
3266
3526
3748
3925
4048
4129
4176
4205
4226
4249
4275
4306
4331
4338
4312
4250
4149
4021
3889
3777
3706
3693
3731
3808
3899
3977
4013
3990
3905
3769
3593
3405
3230
3082
2974
2900
2856
2821
2786
2735
2672
2600
2526
2459
2398
2346
2295
2247
2196
2151
2118
2108
2128
2187
2293
2435
2603
2776
2921
3012
3023
2929
2724
2417
2028
1598
1169
784
482
277
172
157
201
286
378
475
565
654
755
873
1016
1173
1339
1488
1601
1659
1652
1579
1449
1278
1087
895
726
594
510
487
525
616
747
898
1040
1153
1221
1240
1215
1156
1092
1037
1005
1001
1026
1076
1139
1211
1288
1365
1439
1502
1549
1565
1554
1509
1431
1326
1192
1027
836
623
400
175
-26
-198
-323
-393
-406
-368
-282
-157
-4
173
362
561
765
967
1167
1355
1524
1670
1788
1878
1943
1995
2044
2097
2151
2191
2205
2175
2090
1957
1790
1618
1469
1370
1331
1346
1397
1462
1513
1532
1511
1449
1358
1252
1143
1037
948
875
817
781
766
777
818
891
994
1120
1250
1378
1493
1583
1649
1697
1734
1762
1783
1789
1768
1712
1614
1476
1308
1128
954
812
711
660
661
712
803
926
1061
1192
1304
1383
1425
1422
1379
1303
1199
1074
937
787
634
477
326
180
39
-105
-249
-397
-543
-679
-794
-877
-902
-860
-735
-515
-205
190
663
1182
1717
2234
2690
3057
3305
3424
3414
3287
3059
2759
2411
2034
1648
1266
901
558
246
-18
-239
-399
-488
-497
-425
-273
-47
229
542
868
1183
1468
1713
1906
2055
2156
2219
2249
2250
2225
2174
2104
2006
1887
1747
1584
1405
1212
1017
823
642
479
336
225
151
123
147
228
354
506
665
809
915
975
983
950
891
826
768
732
723
742
782
833
881
908
900
845
739
582
382
153
-82
-309
-509
-667
-779
-848
-875
-877
-860
-842
-828
-822
-825
-821
-807
-775
-717
-641
-546
-435
-316
-182
-50
88
217
333
427
493
526
532
510
473
418
348
264
163
38
-103
-257
-427
-606
-788
-968
-1143
-1303
-1443
-1554
-1626
-1659
-1643
-1590
-1500
-1392
-1274
-1163
-1061
-981
-911
-858
-799
-727
-628
-492
-317
-108
124
356
560
714
793
787
696
530
307
54
-200
-442
-643
-794
-883
-910
-877
-797
-675
-533
-379
-231
-91
23
108
160
174
147
84
-11
-127
-260
-401
-545
-689
-828
-968
-1100
-1234
-1361
-1489
-1607
-1714
-1796
-1838
-1832
-1763
-1626
-1423
-1167
-875
-566
-273
-9
213
382
501
574
612
621
612
588
549
496
420
312
165
-28
-263
-534
-813
-1081
-1313
-1492
-1607
-1663
-1665
-1629
-1564
-1478
-1378
-1264
-1140
-1003
-861
-715
-575
-444
-327
-225
-137
-52
33
131
248
388
546
703
844
947
1001
998
944
846
716
569
415
266
125
-3
-115
-203
-260
-280
-273
-234
-175
-101
-28
38
94
132
151
154
148
127
98
60
20
-15
-36
-32
1
63
152
254
355
441
506
537
551
551
552
560
576
589
584
553
483
372
223
48
-132
-308
-461
-579
-662
-705
-712
-688
-632
-549
-439
-312
-169
-19
128
269
392
495
579
638
676
691
684
657
610
548
470
378
269
147
8
-138
-293
-447
-597
-739
-862
-964
-1043
-1091
-1106
-1087
-1037
-955
-846
-724
-587
-451
-328
-230
-170
-149
-178
-247
-353
-485
-628
-776
-914
-1045
-1161
-1258
-1336
-1400
-1440
-1456
-1448
-1419
-1370
-1309
-1246
-1191
-1158
-1149
-1177
-1231
-1306
-1393
-1478
-1549
-1601
-1628
-1632
-1619
-1584
-1538
-1477
-1401
-1317
-1228
-1145
-1078
-1037
-1030
-1059
-1125
-1216
-1328
-1451
-1573
-1687
-1779
-1841
-1856
-1824
-1736
-1601
-1431
-1246
-1070
-930
-844
-826
-877
-991
-1159
-1359
-1577
-1791
-1988
-2148
-2273
-2351
-2387
-2385
-2351
-2290
-2214
-2120
-2014
-1894
-1756
-1603
-1436
-1256
-1068
-887
-717
-570
-456
-384
-358
-377
-436
-525
-632
-742
-851
-955
-1048
-1138
-1227
-1309
-1382
-1444
-1488
-1511
-1516
-1499
-1472
-1438
-1399
-1365
-1339
-1326
-1326
-1346
-1378
-1424
-1475
-1523
-1565
-1592
-1599
-1585
-1550
-1504
-1447
-1387
-1331
-1288
-1258
-1249
-1267
-1312
-1383
-1478
-1582
-1684
-1775
-1843
-1884
-1898
-1889
-1868
-1842
-1826
-1819
-1820
-1832
-1846
-1855
-1860
-1852
-1836
-1811
-1777
-1736
-1691
-1636
-1573
-1498
-1414
-1325
-1240
-1166
-1106
-1070
-1055
-1056
-1069
-1084
-1093
-1095
-1090
-1080
-1067
-1052
-1042
-1034
-1032
-1038
-1057
-1093
-1151
-1233
-1333
-1443
-1552
-1653
-1732
-1792
-1835
-1867
-1887
-1907
-1918
-1923
-1915
-1894
-1856
-1801
-1737
-1668
-1601
-1543
-1499
-1474
-1468
-1477
-1497
-1524
-1549
-1567
-1581
-1593
-1606
-1627
-1660
-1705
-1761
-1825
-1894
-1963
-2029
-2087
-2140
-2182
-2211
-2223
-2221
-2206
-2174
-2133
-2087
-2040
-1999
-1968
-1947
-1940
-1943
-1949
-1953
-1955
-1949
-1936
-1922
-1906
-1897
-1898
-1906
-1923
-1942
-1956
-1954
-1930
-1892
-1836
-1775
-1718
-1674
-1641
-1624
-1616
-1606
-1591
-1568
-1540
-1513
-1502
-1518
-1566
-1647
-1753
-1870
-1981
-2073
-2130
-2152
-2139
-2104
-2046
-1987
-1934
-1896
-1884
-1895
-1933
-1993
-2068
-2147
-2224
-2292
-2339
-2365
-2368
-2341
-2285
-2205
-2099
-1981
-1860
-1746
-1651
-1585
-1548
-1540
-1562
-1604
-1657
-1719
-1778
-1836
-1893
-1943
-1986
-2024
-2051
-2067
-2071
-2070
-2061
-2049
-2033
-2017
-1995
-1967
-1935
-1896
-1860
-1824
-1798
-1789
-1796
-1831
-1884
-1958
-2036
-2118
-2194
-2262
-2321
-2377
-2437
-2491
-2547
-2598
-2634
-2650
-2641
-2610
-2561
-2493
-2421
-2348
-2279
-2217
-2169
-2138
-2120
-2122
-2141
-2172
-2218
-2268
-2320
-2367
-2405
-2427
-2433
-2421
-2391
-2343
-2280
-2210
-2136
-2067
-2012
-1977
-1964
-1977
-2011
-2059
-2110
-2149
-2164
-2142
-2081
-1975
-1831
-1655
-1455
-1242
-1027
-816
-625
-466
-349
-287
-293
-369
-513
-716
-954
-1208
-1451
-1665
-1835
-1950
-2012
-2027
-2006
-1962
-1908
-1854
-1808
-1773
-1746
-1727
-1710
-1688
-1663
-1632
-1594
-1546
-1487
-1413
-1325
-1226
-1120
-1026
-951
-913
-918
-974
-1075
-1206
-1355
-1508
-1653
-1779
-1890
-1983
-2057
-2121
-2174
-2224
-2277
-2328
-2380
-2432
-2474
-2507
-2525
-2535
-2537
-2539
-2542
-2542
-2537
-2515
-2473
-2406
-2317
-2207
-2086
-1951
-1811
-1656
-1495
-1323
-1150
-988
-855
-764
-726
-744
-813
-915
-1035
-1157
-1262
-1350
-1414
-1460
-1498
-1536
-1590
-1665
-1768
-1895
-2030
-2162
-2272
-2346
-2373
-2355
-2298
-2215
-2114
-2015
-1928
-1865
-1830
-1817
-1825
-1846
-1863
-1874
-1874
-1862
-1845
-1829
-1820
-1819
-1828
-1844
-1860
-1869
-1865
-1843
-1801
-1734
-1648
-1541
-1427
-1309
-1200
-1115
-1063
-1055
-1091
-1170
-1282
-1410
-1542
-1662
-1764
-1843
-1898
-1930
-1945
-1947
-1946
-1945
-1948
-1958
-1977
-1998
-2016
-2025
-2019
-2000
-1966
-1929
-1892
-1863
-1844
-1826
-1807
-1779
-1731
-1662
-1568
-1460
-1343
-1234
-1140
-1071
-1028
-1013
-1012
-1018
-1024
-1025
-1028
-1036
-1057
-1101
-1165
-1240
-1312
-1374
-1409
-1414
-1396
-1360
-1316
-1278
-1253
-1242
-1254
-1290
-1346
-1420
-1506
-1593
-1676
-1745
-1797
-1828
-1847
-1856
-1865
-1874
-1888
-1901
-1913
-1908
-1883
-1834
-1762
-1671
-1570
-1467
-1363
-1258
-1158
-1058
-952
-848
-748
-655
-584
-541
-529
-550
-591
-645
-701
-749
-792
-837
-892
-970
-1071
-1197
-1337
-1474
-1598
-1695
-1762
-1805
-1825
-1837
-1848
-1860
-1887
-1922
-1968
-2015
-2058
-2095
-2123
-2143
-2158
-2171
-2179
-2178
-2155
-2106
-2018
-1898
-1745
-1573
-1393
-1217
-1059
-923
-820
-747
-715
-718
-761
-836
-938
-1053
-1165
-1266
-1353
-1420
-1475
-1525
-1574
-1630
-1701
-1781
-1874
-1980
-2097
-2219
-2339
-2453
-2547
-2613
-2641
-2626
-2569
-2468
-2335
-2178
-2010
-1844
-1693
-1564
-1463
-1389
-1340
-1309
-1287
-1268
-1247
-1222
-1203
-1187
-1180
-1178
-1181
-1181
-1175
-1160
-1138
-1110
-1083
-1061
-1054
-1064
-1094
-1150
-1238
-1360
-1510
-1684
-1872
-2061
-2239
-2390
-2517
-2603
-2654
-2668
-2646
-2598
-2529
-2449
-2365
-2284
-2210
-2147
-2096
-2048
-2002
-1952
-1890
-1811
-1718
-1613
-1495
-1377
-1255
-1138
-1026
-924
-836
-769
-732
-730
-765
-840
-948
-1080
-1216
-1345
-1448
-1515
-1541
-1524
-1472
-1395
-1302
-1208
-1127
-1070
-1051
-1067
-1122
-1206
-1305
-1402
-1485
-1541
-1567
-1574
-1561
-1540
-1519
-1512
-1519
-1550
-1598
-1664
-1736
-1811
-1874
-1917
-1935
-1919
-1870
-1783
-1658
-1501
-1316
-1110
-896
-684
-493
-329
-208
-130
-99
-113
-170
-264
-384
-527
-677
-829
-976
-1109
-1235
-1356
-1474
-1590
-1698
-1793
-1866
-1913
-1933
-1930
-1916
-1899
-1886
-1885
-1891
-1895
-1897
-1883
-1855
-1809
-1747
-1674
-1602
-1528
-1463
-1408
-1358
-1307
-1253
-1188
-1111
-1026
-938
-860
-802
-780
-799
-859
-958
-1079
-1214
-1342
-1458
-1551
-1621
-1662
-1673
-1651
-1595
-1518
-1423
-1334
-1260
-1222
-1221
-1267
-1348
-1452
-1569
-1680
-1780
-1864
-1929
-1981
-2021
-2052
-2071
-2075
-2060
-2012
-1923
-1791
-1623
-1426
-1214
-1005
-814
-652
-523
-424
-355
-304
-266
-233
-207
-180
-156
-142
-137
-147
-183
-247
-347
-481
-642
-824
-1012
-1199
-1373
-1530
-1668
-1785
-1881
-1954
-2004
-2036
-2050
-2052
-2049
-2042
-2039
-2037
-2033
-2028
-2016
-1993
-1951
-1895
-1823
-1743
-1654
-1567
-1483
-1409
-1344
-1286
-1230
-1175
-1117
-1055
-992
-927
-867
-808
-754
-697
-641
-571
-492
-407
-322
-243
-191
-172
-197
-268
-384
-538
-714
-897
-1073
-1229
-1359
-1456
-1523
-1564
-1582
-1578
-1554
-1510
-1454
-1391
-1320
-1247
-1168
-1084
-990
-882
-763
-640
-516
-413
-334
-285
-270
-284
-319
-370
-430
-494
-564
-638
-714
-786
-848
-898
-939
-975
-1019
-1078
-1157
-1259
-1379
-1506
-1631
-1739
-1825
-1884
-1918
-1930
-1926
-1913
-1893
-1873
-1854
-1839
-1833
-1839
-1863
-1906
-1966
-2036
-2099
-2144
-2156
-2122
-2042
-1924
-1776
-1618
-1471
-1348
-1264
-1222
-1225
-1262
-1329
-1415
-1508
-1592
-1655
-1690
-1684
-1641
-1573
-1496
-1432
-1405
-1428
-1504
-1625
-1773
-1924
-2062
-2169
-2245
-2284
-2300
-2297
-2288
-2277
-2273
-2277
-2286
-2300
-2304
-2296
-2270
-2225
-2166
-2099
-2033
-1974
-1921
-1869
-1813
-1749
-1670
-1572
-1460
-1338
-1215
-1099
-1003
-939
-920
-949
-1025
-1144
-1288
-1440
-1574
-1682
-1748
-1779
-1782
-1769
-1749
-1732
-1726
-1729
-1745
-1768
-1799
-1837
-1882
-1935
-1998
-2069
-2141
-2210
-2267
-2309
-2327
-2322
-2299
-2257
-2202
-2140
-2072
-2000
-1922
-1844
-1770
-1705
-1665
-1657
-1689
-1761
-1866
-1994
-2130
-2258
-2363
-2440
-2481
-2494
-2477
-2442
-2397
-2340
-2287
-2236
-2193
-2163
-2149
-2146
-2162
-2187
-2221
-2257
-2292
-2318
-2332
-2333
-2327
-2318
-2313
-2320
-2341
-2382
-2438
-2509
-2582
-2658
-2720
-2772
-2803
-2809
-2790
-2740
-2663
-2560
-2442
-2321
-2205
-2116
-2057
-2034
-2051
-2098
-2166
-2241
-2303
-2347
-2360
-2336
-2281
-2200
-2102
-1996
-1899
-1815
-1752
-1713
-1701
-1714
-1749
-1803
-1872
-1948
-2031
-2118
-2202
-2284
-2356
-2415
-2467
-2499
-2522
-2527
-2517
-2484
-2425
-2338
-2218
-2076
-1924
-1768
-1630
-1515
-1432
-1374
-1329
-1291
-1244
-1188
-1125
-1067
-1025
-1014
-1038
-1104
-1198
-1317
-1447
-1574
-1696
-1807
-1906
-1989
-2054
-2101
-2124
-2122
-2095
-2044
-1978
-1905
-1828
-1762
-1705
-1662
-1629
-1607
-1595
-1591
-1598
-1611
-1633
-1659
-1686
-1708
-1717
-1716
-1698
-1678
-1661
-1657
-1675
-1718
-1778
-1839
-1890
-1911
-1893
-1834
-1737
-1610
-1461
-1303
-1145
-987
-847
-731
-649
-616
-632
-706
-829
-991
-1172
-1355
-1522
-1653
-1746
-1796
-1810
-1809
-1802
-1806
-1834
-1885
-1961
-2052
-2150
-2248
-2335
-2408
-2464
-2502
-2520
-2514
-2488
-2444
-2382
-2305
-2229
-2157
-2098
-2058
-2038
-2036
-2045
-2058
-2064
-2050
-2010
-1939
-1839
-1715
-1579
-1443
-1320
-1214
-1135
-1084
-1060
-1059
-1069
-1089
-1110
-1123
-1129
-1132
-1133
-1145
-1170
-1219
-1290
-1378
-1480
-1580
-1671
-1750
-1813
-1867
-1913
-1956
-2000
-2038
-2063
-2078
-2067
-2039
-1992
-1933
-1863
-1791
-1715
-1637
-1553
-1467
-1383
-1308
-1245
-1199
-1175
-1168
-1175
-1190
-1206
-1226
-1249
-1278
-1319
-1370
-1438
-1514
-1594
-1678
-1762
-1838
-1914
-1983
-2046
-2106
-2160
-2211
-2254
-2293
-2324
-2352
-2371
-2386
-2399
-2405
-2404
-2394
-2369
-2327
-2266
-2188
-2093
-1988
-1883
-1784
-1700
-1640
-1610
-1607
-1633
-1681
-1746
-1824
-1906
-1988
-2067
-2144
-2215
-2284
-2355
-2435
-2528
-2644
-2778
-2925
-3074
-3209
-3317
-3383
-3396
-3363
-3277
-3157
-3011
-2852
-2689
-2539
-2407
-2306
-2237
-2201
-2193
-2201
-2222
-2236
-2245
-2240
-2222
-2197
-2169
-2147
-2139
-2146
-2170
-2208
-2252
-2301
-2343
-2374
-2384
-2371
-2326
-2244
-2123
-1970
-1790
-1607
-1435
-1290
-1187
-1137
-1136
-1183
-1262
-1364
-1484
-1611
-1748
-1893
-2044
-2191
-2328
-2446
-2539
-2602
-2639
-2651
-2656
-2661
-2674
-2698
-2731
-2766
-2798
-2815
-2811
-2776
-2709
-2606
-2476
-2320
-2159
-1996
-1849
-1730
-1640
-1584
-1550
-1532
-1523
-1512
-1495
-1473
-1446
-1425
-1409
-1406
-1417
-1441
-1478
-1520
-1572
-1621
-1666
-1700
-1723
-1730
-1720
-1694
-1658
-1614
-1564
-1517
-1470
-1437
-1420
-1423
-1447
-1485
-1530
-1576
-1607
-1625
-1625
-1610
-1590
-1570
-1559
-1561
-1581
-1612
-1656
-1700
-1737
-1756
-1753
-1717
-1654
-1566
-1463
-1357
-1259
-1182
-1129
-1107
-1118
-1154
-1219
-1306
-1411
-1531
-1659
-1796
-1936
-2075
-2213
-2348
-2475
-2583
-2666
-2711
-2720
-2688
-2625
-2535
-2426
-2309
-2184
-2057
-1930
-1808
-1693
-1588
-1499
-1424
-1368
-1335
-1327
-1347
-1392
-1461
-1549
-1644
-1730
-1797
-1836
-1842
-1819
-1781
-1741
-1704
-1690
-1692
-1715
-1746
-1784
-1824
-1870
-1919
-1967
-2014
-2047
-2062
-2062
-2045
-2020
-2001
-1998
-2014
-2053
-2106
-2163
-2205
-2223
-2198
-2123
-1993
-1809
-1590
-1345
-1101
-883
-713
-598
-549
-556
-607
-690
-781
-862
-921
-947
-935
-879
-787
-673
-549
-436
-357
-323
-344
-424
-550
-712
-897
-1090
-1284
-1460
-1618
-1755
-1863
-1955
-2032
-2103
-2178
-2257
-2339
-2417
-2487
-2532
-2542
-2504
-2410
-2256
-2039
-1763
-1443
-1100
-757
-438
-168
27
148
189
160
73
-55
-211
-387
-571
-756
-935
-1098
-1243
-1361
-1448
-1502
-1521
-1511
-1473
-1423
-1372
-1336
-1328
-1353
-1415
-1505
-1616
-1734
-1849
-1957
-2046
-2114
-2160
-2180
-2181
-2162
-2128
-2083
-2023
-1953
-1866
-1760
-1627
-1468
-1284
-1079
-868
-665
-484
-342
-248
-205
-207
-246
-314
-396
-489
-585
-680
-776
-873
-970
-1069
-1166
-1253
-1328
-1375
-1396
-1387
-1358
-1321
-1285
-1265
-1267
-1288
-1334
-1397
-1481
-1571
-1669
-1761
-1837
-1882
-1890
-1852
-1768
-1643
-1479
-1285
-1066
-831
-582
-335
-101
103
262
359
389
352
253
113
-54
-235
-407
-564
-698
-798
-870
-910
-925
-922
-915
-904
-896
-888
-881
-872
-868
-868
-880
-901
-934
-974
-1014
-1051
-1086
-1129
-1180
-1250
-1343
-1457
-1587
-1731
-1880
-2020
-2145
-2240
-2296
-2306
-2264
-2181
-2061
-1922
-1777
-1643
-1525
-1427
-1351
-1294
-1259
-1245
-1252
-1284
-1330
-1391
-1448
-1485
-1495
-1472
-1414
-1337
-1253
-1176
-1118
-1083
-1078
-1100
-1145
-1203
-1266
-1323
-1365
-1383
-1381
-1356
-1315
-1268
-1222
-1180
-1152
-1134
-1126
-1128
-1134
-1144
-1153
-1156
-1152
-1135
-1106
-1063
-1005
-938
-863
-786
-716
-660
-625
-623
-656
-718
-800
-886
-957
-995
-990
-939
-850
-728
-586
-436
-289
-156
-49
25
55
43
-7
-94
-205
-334
-470
-610
-752
-889
-1028
-1161
-1291
-1412
-1524
-1619
-1695
-1745
-1767
-1752
-1703
-1619
-1513
-1386
-1260
-1143
-1043
-965
-911
-876
-850
-821
-782
-724
-641
-536
-413
-280
-155
-47
30
70
65
16
-76
-212
-383
-585
-802
-1018
-1215
-1377
-1498
-1565
-1587
-1570
-1530
-1473
-1408
-1340
-1260
-1171
-1063
-935
-784
-615
-430
-236
-38
142
301
428
515
564
576
555
507
437
337
218
73
-84
-253
-417
-562
-675
-747
-777
-775
-756
-738
-734
-760
-818
-902
-1004
-1109
-1199
-1271
-1315
-1337
-1334
-1314
-1282
-1244
-1207
-1178
-1159
-1153
-1155
-1159
-1154
-1130
-1082
-1011
-920
-823
-727
-646
-579
-529
-487
-443
-395
-338
-279
-228
-192
-181
-201
-248
-321
-402
-481
-544
-590
-617
-624
-614
-591
-565
-537
-520
-516
-535
-575
-634
-704
-782
-858
-923
-977
-1020
-1051
-1076
-1102
-1131
-1162
-1199
-1244
-1286
-1319
-1339
-1333
-1304
-1251
-1174
-1078
-975
-876
-794
-733
-700
-703
-743
-819
-928
-1059
-1206
-1353
-1481
-1582
-1636
-1648
-1620
-1557
-1479
-1398
-1332
-1293
-1287
-1314
-1370
-1440
-1509
-1563
-1588
-1581
-1546
-1489
-1422
-1360
-1314
-1294
-1301
-1336
-1391
-1457
-1525
-1583
-1624
-1646
-1645
-1627
-1593
-1549
-1501
-1446
-1392
-1334
-1276
-1220
-1166
-1118
-1082
-1060
-1055
-1068
-1095
-1132
-1171
-1200
-1221
-1225
-1219
-1201
-1182
-1166
-1159
-1166
-1182
-1212
-1249
-1288
-1327
-1363
-1395
-1423
-1449
-1466
-1472
-1465
-1442
-1402
-1342
-1278
-1217
-1161
-1115
-1086
-1066
-1054
-1039
-1014
-979
-929
-861
-782
-687
-581
-467
-357
-260
-191
-160
-178
-248
-366
-522
-699
-882
-1056
-1211
-1340
-1446
-1531
-1596
-1651
-1699
-1741
-1779
-1814
-1844
-1868
-1884
-1893
-1893
-1885
-1868
-1850
-1828
-1805
-1782
-1762
-1741
-1716
-1684
-1643
-1586
-1518
-1440
-1351
-1265
-1184
-1116
-1067
-1042
-1046
-1080
-1144
-1236
-1350
-1477
-1609
-1725
-1821
-1882
-1899
-1868
-1791
-1668
-1503
-1305
-1084
-856
-627
-412
-214
-51
88
197
277
331
360
365
349
303
233
130
2
-144
-300
-452
-590
-701
-781
-825
-839
-833
-822
-821
-842
-891
-972
-1075
-1189
-1301
-1397
-1471
-1519
-1542
-1545
-1534
-1518
-1502
-1493
-1493
-1504
-1528
-1560
-1600
-1638
-1668
-1681
-1670
-1632
-1571
-1491
-1405
-1324
-1260
-1222
-1211
-1233
-1274
-1329
-1382
-1431
-1459
-1460
-1433
-1380
-1306
-1217
-1125
-1034
-955
-893
-857
-837
-843
-864
-899
-952
-1016
-1100
-1205
-1331
-1474
-1627
-1779
-1916
-2025
-2102
-2144
-2152
-2141
-2117
-2093
-2072
-2063
-2067
-2076
-2091
-2108
-2120
-2133
-2145
-2154
-2164
-2176
-2189
-2204
-2215
-2221
-2214
-2186
-2131
-2038
-1906
-1732
-1527
-1305
-1079
-877
-711
-598
-547
-551
-605
-696
-801
-907
-1001
-1080
-1140
-1181
-1211
-1235
-1257
-1283
-1312
-1349
-1394
-1439
-1490
-1539
-1593
-1651
-1720
-1803
-1900
-2008
-2116
-2207
-2275
-2298
-2279
-2214
-2113
-1987
-1844
-1701
-1569
-1452
-1368
-1316
-1305
-1331
-1381
-1444
-1492
-1511
-1490
-1424
-1331
-1227
-1139
-1087
-1090
-1154
-1269
-1425
-1603
-1784
-1949
-2092
-2206
-2289
-2349
-2384
-2404
-2416
-2429
-2454
-2495
-2558
-2640
-2742
-2846
-2951
-3037
-3098
-3123
-3109
-3048
-2950
-2814
-2652
-2473
-2295
-2129
-1984
-1869
-1791
-1741
-1721
-1717
-1720
-1725
-1729
-1736
-1748
-1777
-1825
-1901
-2004
-2123
-2247
-2363
-2457
-2518
-2544
-2528
-2479
-2395
-2295
-2180
-2066
-1955
-1857
-1777
-1715
-1673
-1644
-1632
-1631
-1639
-1657
-1686
-1728
-1777
-1830
-1891
-1955
-2023
-2091
-2163
-2231
-2293
-2344
-2374
-2380
-2359
-2308
-2229
-2122
-1994
-1849
-1692
-1527
-1366
-1213
-1078
-967
-886
-842
-833
-858
-919
-998
-1088
-1173
-1246
-1302
-1341
-1372
-1400
-1436
-1480
-1535
-1595
-1651
-1702
-1740
-1765
-1781
-1790
-1798
-1810
-1832
-1861
-1900
-1942
-1984
-2024
-2057
-2077
-2082
-2067
-2026
-1962
-1874
-1770
-1657
-1544
-1444
-1362
-1300
-1253
-1217
-1181
-1138
-1088
-1029
-971
-929
-914
-942
-1011
-1121
-1263
-1418
-1568
-1694
-1783
-1830
-1835
-1802
-1747
-1682
-1618
-1571
-1538
-1527
-1529
-1540
-1551
-1561
-1572
-1587
-1615
-1661
-1739
-1842
-1965
-2101
-2224
-2321
-2376
-2381
-2338
-2253
-2136
-2004
-1869
-1744
-1626
-1525
-1438
-1370
-1315
-1281
-1263
-1264
-1279
-1305
-1336
-1364
-1386
-1400
-1405
-1409
-1412
-1419
-1433
-1461
-1499
-1555
-1632
-1732
-1855
-1996
-2148
-2299
-2441
-2556
-2642
-2690
-2696
-2665
-2596
-2498
-2378
-2249
-2125
-2012
-1923
-1859
-1823
-1810
-1816
-1833
-1852
-1869
-1876
-1873
-1857
-1828
-1790
-1748
-1710
-1680
-1659
-1648
-1645
-1643
-1631
-1607
-1557
-1481
-1392
-1293
-1203
-1139
-1110
-1125
-1181
-1276
-1396
-1523
-1642
-1734
-1786
-1799
-1773
-1719
-1650
-1585
-1531
-1497
-1483
-1489
-1506
-1533
-1562
-1591
-1621
-1651
-1682
-1711
-1738
-1755
-1768
-1768
-1759
-1737
-1706
-1676
-1645
-1623
-1607
-1599
-1597
-1595
-1589
-1580
-1565
-1548
-1531
-1518
-1513
-1518
-1533
-1557
-1585
-1616
-1648
-1672
-1702
-1730
-1760
-1800
-1843
-1891
-1934
-1965
-1978
-1972
-1953
-1922
-1892
-1866
-1852
-1846
-1846
-1843
-1828
-1790
-1724
-1627
-1504
-1364
-1221
-1090
-988
-929
-918
-953
-1030
-1130
-1240
-1343
-1433
-1503
-1552
-1584
-1605
-1610
-1599
-1567
-1508
-1420
-1307
-1171
-1021
-870
-724
-590
-476
-391
-337
-318
-338
-392
-477
-582
-692
-790
-868
-910
-913
-881
-818
-737
-650
-571
-509
-474
-467
-491
-544
-618
-707
-803
-904
-999
-1095
-1185
-1271
-1357
-1442
-1528
-1611
-1691
-1766
-1826
-1877
-1914
-1933
-1937
-1925
-1899
-1866
-1825
-1782
-1737
-1692
-1652
-1618
-1601
-1596
-1605
-1626
-1648
-1659
-1651
-1612
-1534
-1412
-1248
-1047
-821
-587
-364
-175
-39
35
43
-6
-101
-218
-335
-441
-517
-563
-577
-569
-544
-508
-469
-435
-409
-393
-393
-410
-443
-500
-581
-696
-844
-1023
-1228
-1444
-1657
-1848
-2007
-2119
-2180
-2189
-2152
-2072
-1960
-1822
-1666
-1495
-1308
-1112
-901
-685
-474
-277
-117
-2
54
51
-8
-109
-239
-380
-527
-671
-810
-945
-1075
-1191
-1293
-1370
-1422
-1440
-1438
-1416
-1385
-1362
-1354
-1373
-1422
-1502
-1605
-1721
-1837
-1943
-2030
-2096
-2140
-2166
-2169
-2152
-2116
-2060
-1987
-1903
-1811
-1713
-1611
-1504
-1387
-1259
-1122
-972
-823
-675
-538
-422
-337
-287
-279
-320
-409
-541
-713
-912
-1123
-1333
-1526
-1688
-1815
-1906
-1959
-1984
-1983
-1965
-1936
-1894
-1850
-1799
-1740
-1675
-1606
-1534
-1463
-1399
-1344
-1307
-1282
-1277
-1288
-1312
-1348
-1391
-1436
-1475
-1502
-1512
-1495
-1453
-1386
-1294
-1192
-1082
-970
-869
-779
-702
-647
-614
-607
-631
-684
-771
-874
-990
-1103
-1204
-1285
-1346
-1384
-1401
-1401
-1386
-1368
-1348
-1338
-1346
-1381
-1445
-1532
-1638
-1746
-1844
-1914
-1956
-1954
-1915
-1840
-1739
-1619
-1491
-1362
-1236
-1115
-989
-861
-717
-559
-394
-227
-72
59
164
234
279
298
302
289
263
221
164
91
3
-94
-197
-303
-414
-534
-670
-825
-1001
-1190
-1379
-1555
-1704
-1815
-1888
-1926
-1936
-1929
-1917
-1904
-1897
-1895
-1892
-1885
-1871
-1847
-1816
-1780
-1743
-1702
-1660
-1613
-1564
-1512
-1460
-1408
-1356
-1304
-1255
-1208
-1174
-1151
-1148
-1173
-1220
-1286
-1361
-1427
-1468
-1474
-1434
-1351
-1231
-1084
-929
-776
-637
-519
-431
-372
-356
-383
-456
-574
-726
-907
-1100
-1291
-1469
-1613
-1722
-1788
-1816
-1808
-1771
-1715
-1642
-1551
-1437
-1301
-1134
-943
-735
-530
-339
-185
-74
-11
13
8
-15
-45
-77
-105
-123
-130
-122
-105
-76
-43
-23
-28
-71
-159
-291
-456
-648
-853
-1060
-1257
-1444
-1614
-1763
-1885
-1977
-2028
-2034
-1999
-1923
-1816
-1688
-1552
-1412
-1278
-1150
-1029
-912
-798
-680
-555
-421
-274
-119
40
184
302
375
392
347
247
107
-54
-217
-369
-497
-601
-687
-765
-837
-916
-999
-1087
-1176
-1257
-1319
-1370
-1407
-1434
-1462
-1497
-1545
-1608
-1691
-1790
-1896
-2004
-2099
-2176
-2226
-2249
-2238
-2195
-2119
-2015
-1883
-1728
-1561
-1395
-1246
-1128
-1050
-1016
-1014
-1035
-1057
-1074
-1069
-1047
-1014
-983
-965
-971
-997
-1048
-1111
-1180
-1245
-1303
-1356
-1401
-1445
-1482
-1518
-1549
-1572
-1586
-1596
-1604
-1614
-1632
-1669
-1721
-1789
-1872
-1958
-2041
-2110
-2155
-2171
-2158
-2119
-2059
-1985
-1909
-1834
-1763
-1695
-1624
-1555
-1479
-1396
-1315
-1238
-1171
-1118
-1080
-1056
-1037
-1021
-1000
-976
-950
-926
-915
-922
-949
-1001
-1069
-1158
-1255
-1357
-1458
-1555
-1645
-1717
-1770
-1798
-1800
-1772
-1722
-1653
-1579
-1508
-1449
-1407
-1375
-1354
-1335
-1306
-1261
-1200
-1118
-1019
-912
-800
-695
-607
-537
-491
-467
-464
-477
-507
-553
-618
-707
-816
-944
-1085
-1225
-1355
-1467
-1549
-1598
-1612
-1595
-1550
-1490
-1429
-1379
-1351
-1355
-1388
-1458
-1548
-1659
-1776
-1889
-1978
-2037
-2060
-2041
-1986
-1898
-1795
-1678
-1557
-1434
-1310
-1186
-1061
-938
-819
-712
-621
-550
-507
-488
-496
-524
-566
-620
-685
-759
-841
-939
-1059
-1200
-1363
-1541
-1724
-1902
-2064
-2197
-2288
-2340
-2353
-2329
-2282
-2218
-2145
-2071
-1999
-1932
-1872
-1817
-1764
-1716
-1670
-1631
-1593
-1565
-1540
-1514
-1481
-1440
-1382
-1309
-1221
-1131
-1043
-962
-895
-842
-797
-760
-727
-699
-680
-679
-703
-762
-854
-975
-1115
-1261
-1393
-1512
-1609
-1697
-1778
-1864
-1958
-2063
-2173
-2278
-2371
-2438
-2483
-2495
-2483
-2452
-2401
-2337
-2261
-2175
-2077
-1966
-1844
-1711
-1574
-1436
-1307
-1188
-1081
-984
-895
-814
-735
-669
-620
-594
-602
-643
-715
-815
-925
-1038
-1140
-1229
-1306
-1374
-1433
-1496
-1562
-1629
-1695
-1751
-1801
-1843
-1884
-1925
-1971
-2031
-2101
-2187
-2275
-2364
-2447
-2512
-2553
-2569
-2561
-2534
-2493
-2449
-2404
-2364
-2333
-2308
-2289
-2274
-2258
-2241
-2221
-2195
-2165
-2130
-2093
-2055
-2027
-2003
-1992
-1997
-2010
-2028
-2038
-2037
-2015
-1969
-1901
-1821
-1741
-1672
-1625
-1604
-1605
-1622
-1639
-1636
-1607
-1545
-1448
-1330
-1195
-1063
-942
-841
-771
-732
-728
-763
-841
-959
-1113
-1292
-1484
-1668
-1831
-1959
-2049
-2099
-2120
-2122
-2118
-2118
-2137
-2179
-2244
-2327
-2423
-2513
-2582
-2617
-2606
-2546
-2444
-2311
-2169
-2034
-1931
-1864
-1842
-1859
-1904
-1969
-2039
-2113
-2177
-2231
-2274
-2308
-2328
-2343
-2351
-2355
-2358
-2361
-2359
-2351
-2333
-2303
-2265
-2225
-2190
-2169
-2170
-2187
-2223
-2266
-2311
-2348
-2372
-2383
-2377
-2354
-2317
-2269
-2208
-2141
-2069
-2004
-1945
-1904
-1883
-1885
-1911
-1961
-2032
-2123
-2225
-2335
-2444
-2543
-2625
-2683
-2712
-2718
-2701
-2672
-2637
-2609
-2589
-2581
-2582
-2592
-2601
-2613
-2617
-2624
-2633
-2650
-2676
-2717
-2764
-2817
-2861
-2891
-2902
-2892
-2861
-2815
-2762
-2705
-2654
-2606
-2573
-2551
-2544
-2554
-2576
-2603
-2628
-2634
-2618
-2568
-2479
-2350
-2188
-2005
-1806
-1612
-1437
-1287
-1175
-1108
-1080
-1088
-1132
-1196
-1279
-1367
-1461
-1555
-1649
-1744
-1845
-1952
-2063
-2179
-2291
-2395
-2481
-2547
-2587
-2607
-2609
-2599
-2583
-2566
-2552
-2541
-2535
-2533
-2533
-2534
-2534
-2525
-2502
-2465
-2411
-2343
-2264
-2175
-2087
-1993
-1890
-1785
-1666
-1535
-1390
-1240
-1092
-954
-840
-756
-710
-701
-724
-775
-845
-927
-1014
-1107
-1200
-1295
-1389
-1487
-1585
-1678
-1762
-1831
-1884
-1919
-1939
-1944
-1940
-1928
-1904
-1876
-1841
-1806
-1775
-1751
-1741
-1744
-1760
-1785
-1813
-1841
-1866
-1884
-1900
-1915
-1933
-1961
-1995
-2037
-2083
-2129
-2169
-2204
-2232
-2254
-2273
-2287
-2294
-2302
-2304
-2305
-2305
-2310
-2321
-2339
-2359
-2383
-2401
-2407
-2399
-2366
-2315
-2239
-2146
-2046
-1945
-1852
-1778
-1734
-1722
-1746
-1803
-1883
-1975
-2065
-2138
-2181
-2190
-2161
-2099
-2008
-1893
-1759
-1617
-1473
-1337
-1218
-1123
-1060
-1027
-1024
-1044
-1080
-1126
-1176
-1226
-1272
-1316
-1356
-1394
-1432
-1475
-1518
-1565
-1620
-1670
-1721
-1765
-1796
-1816
-1820
-1812
-1790
-1758
-1718
-1672
-1623
-1575
-1526
-1483
-1455
-1443
-1453
-1482
-1532
-1592
-1656
-1714
-1758
-1780
-1778
-1745
-1682
-1599
-1497
-1390
-1289
-1204
-1141
-1108
-1106
-1127
-1172
-1232
-1305
-1379
-1455
-1528
-1597
-1659
-1711
-1748
-1768
-1768
-1743
-1691
-1614
-1510
-1383
-1234
-1072
-904
-744
-602
-492
-423
-402
-425
-484
-576
-691
-818
-950
-1087
-1231
-1377
-1527
-1669
-1797
-1910
-2000
-2065
-2110
-2145
-2167
-2189
-2209
-2227
-2240
-2235
-2209
-2151
-2064
-1947
-1806
-1661
-1522
-1400
-1314
-1267
-1263
-1304
-1381
-1487
-1607
-1727
-1833
-1911
-1954
-1958
-1923
-1860
-1784
-1708
-1639
-1585
-1541
-1508
-1475
-1438
-1400
-1361
-1331
-1315
-1324
-1355
-1410
-1479
-1555
-1627
-1687
-1726
-1733
-1715
-1668
-1607
-1543
-1494
-1473
-1483
-1525
-1585
-1645
-1689
-1697
-1669
-1597
-1494
-1371
-1243
-1125
-1020
-930
-859
-796
-739
-689
-644
-616
-613
-648
-721
-838
-983
-1147
-1312
-1461
-1576
-1659
-1700
-1708
-1689
-1648
-1594
-1534
-1474
-1417
-1369
-1337
-1320
-1321
-1339
-1373
-1414
-1459
-1501
-1535
-1561
-1564
-1556
-1531
-1496
-1461
-1432
-1418
-1425
-1453
-1500
-1557
-1614
-1662
-1688
-1692
-1669
-1624
-1556
-1466
-1361
-1234
-1091
-936
-782
-641
-526
-457
-443
-490
-594
-746
-931
-1132
-1331
-1519
-1678
-1814
-1918
-1991
-2035
-2048
-2045
-2026
-1998
-1966
-1936
-1910
-1885
-1868
-1854
-1845
-1843
-1846
-1847
-1841
-1822
-1782
-1716
-1619
-1498
-1351
-1192
-1027
-866
-716
-585
-482
-409
-366
-355
-370
-405
-457
-524
-604
-707
-831
-977
-1145
-1328
-1507
-1675
-1818
-1927
-1999
-2038
-2050
-2045
-2028
-2021
-2020
-2036
-2066
-2108
-2149
-2181
-2189
-2174
-2127
-2057
-1972
-1893
-1825
-1781
-1765
-1774
-1799
-1834
-1863
-1876
-1863
-1820
-1740
-1630
-1501
-1355
-1203
-1052
-903
-759
-629
-513
-424
-369
-364
-416
-527
-694
-898
-1123
-1347
-1551
-1725
-1861
-1959
-2026
-2068
-2093
-2112
-2129
-2154
-2193
-2239
-2293
-2339
-2366
-2355
-2292
-2173
-2002
-1796
-1575
-1368
-1193
-1062
-977
-931
-901
-873
-825
-753
-652
-525
-385
-245
-120
-21
34
41
-1
-99
-240
-419
-618
-824
-1020
-1195
-1336
-1441
-1505
-1535
-1533
-1513
-1483
-1460
-1451
-1465
-1506
-1571
-1647
-1721
-1777
-1803
-1789
-1734
-1642
-1523
-1386
-1239
-1094
-956
-832
-728
-650
-600
-584
-600
-646
-715
-795
-879
-955
-1014
-1053
-1064
-1059
-1040
-1021
-1004
-1000
-1004
-1016
-1019
-1012
-985
-942
-884
-827
-778
-748
-735
-736
-750
-767
-789
-809
-832
-860
-895
-939
-990
-1053
-1124
-1201
-1281
-1356
-1421
-1472
-1497
-1497
-1469
-1414
-1336
-1247
-1150
-1059
-976
-906
-849
-795
-742
-678
-598
-500
-393
-287
-201
-149
-143
-191
-287
-415
-563
-702
-822
-911
-968
-996
-1001
-992
-969
-939
-900
-858
-819
-793
-791
-825
-896
-1011
-1162
-1341
-1528
-1716
-1886
-2029
-2138
-2210
-2236
-2221
-2161
-2058
-1917
-1745
-1547
-1333
-1115
-899
-694
-510
-351
-223
-135
-88
-85
-129
-218
-340
-488
-644
-793
-926
-1033
-1112
-1170
-1214
-1261
-1314
-1383
-1478
-1588
-1711
-1835
-1946
-2040
-2106
-2146
-2162
-2155
-2135
-2099
-2049
-1986
-1906
-1813
-1710
-1594
-1474
-1348
-1222
-1098
-984
-881
-791
-719
-666
-630
-605
-590
-579
-576
-580
-600
-642
-713
-825
-963
-1131
-1309
-1485
-1643
-1777
-1877
-1944
-1983
-2000
-2001
-1993
-1975
-1956
-1933
-1911
-1890
-1877
-1875
-1879
-1895
-1916
-1939
-1954
-1955
-1939
-1903
-1853
-1794
-1734
-1680
-1633
-1595
-1560
-1527
-1487
-1443
-1388
-1326
-1260
-1186
-1113
-1035
-957
-893
-854
-849
-885
-970
-1092
-1241
-1402
-1552
-1677
-1768
-1826
-1851
-1858
-1856
-1849
-1846
-1849
-1857
-1863
-1858
-1844
-1813
-1775
-1735
-1698
-1681
-1682
-1705
-1744
-1784
-1819
-1843
-1847
-1832
-1806
-1763
-1713
-1654
-1587
-1515
-1444
-1375
-1314
-1264
-1230
-1210
-1211
-1224
-1256
-1309
-1384
-1482
-1599
-1729
-1855
-1969
-2062
-2125
-2153
-2155
-2134
-2101
-2069
-2045
-2032
-2035
-2049
-2077
-2116
-2163
-2220
-2282
-2347
-2415
-2480
-2532
-2571
-2582
-2557
-2491
-2377
-2209
-1999
-1757
-1491
-1227
-984
-782
-634
-542
-503
-505
-528
-563
-596
-629
-666
-719
-804
-921
-1066
-1228
-1384
-1516
-1612
-1670
-1697
-1705
-1714
-1734
-1777
-1845
-1938
-2047
-2170
-2300
-2424
-2541
-2641
-2719
-2774
-2806
-2817
-2819
-2807
-2792
-2771
-2740
-2693
-2623
-2524
-2392
-2232
-2047
-1853
-1665
-1495
-1357
-1253
-1186
-1151
-1135
-1135
-1140
-1150
-1172
-1213
-1276
-1374
-1502
-1653
-1819
-1981
-2123
-2232
-2295
-2312
-2287
-2229
-2151
-2070
-1992
-1928
-1875
-1833
-1798
-1765
-1726
-1683
-1638
-1592
-1545
-1503
-1465
-1431
-1399
-1365
-1323
-1267
-1189
-1090
-965
-824
-668
-510
-359
-228
-120
-52
-27
-44
-100
-203
-334
-494
-673
-854
-1028
-1181
-1308
-1405
-1471
-1510
-1537
-1553
-1570
-1593
-1624
-1667
-1717
-1770
-1817
-1851
-1861
-1845
-1801
-1732
-1654
-1568
-1490
-1431
-1394
-1380
-1383
-1399
-1418
-1433
-1441
-1439
-1428
-1405
-1373
-1331
-1286
-1239
-1197
-1166
-1152
-1161
-1197
-1267
-1370
-1505
-1672
-1859
-2055
-2243
-2410
-2545
-2636
-2680
-2681
-2643
-2579
-2498
-2414
-2337
-2274
-2231
-2205
-2201
-2208
-2231
-2261
-2297
-2342
-2390
-2443
-2499
-2554
-2606
-2651
-2682
-2693
-2674
-2619
-2524
-2391
-2225
-2045
-1863
-1700
-1570
-1482
-1442
-1446
-1485
-1545
-1615
-1681
-1740
-1782
-1812
-1826
-1829
-1818
-1799
-1775
-1752
-1737
-1738
-1760
-1806
-1879
-1976
-2088
-2211
-2333
-2450
-2555
-2640
-2695
-2721
-2708
-2654
-2564
-2440
-2296
-2142
-1991
-1855
-1750
-1674
-1634
-1630
-1657
-1706
-1775
-1850
-1933
-2007
-2074
-2132
-2175
-2205
-2227
-2238
-2238
-2233
-2220
-2205
-2196
-2192
-2199
-2215
-2240
-2268
-2300
-2331
-2357
-2380
-2400
-2416
-2437
-2462
-2492
-2527
-2564
-2599
-2629
-2645
-2647
-2628
-2587
-2524
-2443
-2348
-2246
-2145
-2061
-1998
-1967
-1965
-1992
-2038
-2088
-2137
-2170
-2182
-2171
-2137
-2084
-2014
-1929
-1843
-1750
-1660
-1579
-1520
-1483
-1474
-1495
-1544
-1615
-1702
-1805
-1911
-2022
-2137
-2254
-2374
-2498
-2618
-2734
-2830
-2905
-2947
-2958
-2946
-2913
-2871
-2836
-2805
-2784
-2765
-2742
-2711
-2663
-2603
-2534
-2460
-2389
-2322
-2266
-2217
-2172
-2129
-2082
-2030
-1979
-1936
-1903
-1891
-1896
-1919
-1952
-1985
-2007
-2013
-2003
-1977
-1941
-1902
-1858
-1816
-1774
-1732
-1689
-1653
-1629
-1623
-1649
-1704
-1795
-1912
-2048
-2193
-2335
-2462
-2566
-2641
-2677
-2676
-2637
-2565
-2470
-2366
-2262
-2169
-2092
-2031
-1987
-1949
-1921
-1900
-1885
-1883
-1894
-1916
-1947
-1979
-2008
-2033
-2050
-2066
-2085
-2110
-2149
-2195
-2251
-2309
-2360
-2395
-2405
-2387
-2342
-2279
-2206
-2130
-2065
-2016
-1984
-1968
-1965
-1976
-1991
-2014
-2036
-2065
-2095
-2122
-2147
-2175
-2204
-2239
-2282
-2329
-2375
-2410
-2423
-2402
-2346
-2258
-2138
-2001
-1856
-1716
-1594
-1494
-1426
-1391
-1386
-1406
-1436
-1469
-1491
-1491
-1467
-1421
-1353
-1275
-1190
-1111
-1047
-1000
-975
-964
-957
-950
-932
-908
-874
-837
-799
-770
-754
-753
-770
-806
-855
-915
-976
-1030
-1067
-1088
-1096
-1086
-1068
-1050
-1036
-1026
-1023
-1030
-1043
-1068
-1099
-1141
-1193
-1254
-1320
-1384
-1446
-1500
-1548
-1592
-1638
-1688
-1750
-1817
-1888
-1961
-2031
-2095
-2151
-2199
-2241
-2271
-2295
-2308
-2307
-2290
-2253
-2201
-2136
-2069
-2007
-1960
-1934
-1924
-1928
-1937
-1939
-1931
-1903
-1860
-1803
-1738
-1679
-1632
-1601
-1595
-1610
-1641
-1679
-1716
-1737
-1731
-1692
-1623
-1524
-1413
-1299
-1200
-1122
-1077
-1057
-1067
-1100
-1150
-1222
-1314
-1419
-1536
-1651
-1757
-1842
-1895
-1922
-1924
-1905
-1877
-1850
-1821
-1797
-1767
-1734
-1687
-1635
-1573
-1508
-1447
-1396
-1358
-1332
-1320
-1322
-1338
-1378
-1441
-1534
-1653
-1796
-1953
-2107
-2249
-2364
-2441
-2470
-2454
-2388
-2284
-2147
-1990
-1826
-1671
-1536
-1438
-1385
-1387
-1446
-1555
-1705
-1877
-2053
-2217
-2353
-2451
-2502
-2510
-2472
-2396
-2284
-2141
-1975
-1800
-1624
-1454
-1308
-1187
-1094
-1035
-1006
-1009
-1038
-1096
-1177
-1274
-1382
-1490
-1590
-1671
-1726
-1755
-1752
-1717
-1659
-1583
-1503
-1427
-1368
-1329
-1313
-1314
-1327
-1343
-1358
-1366
-1366
-1360
-1350
-1341
-1340
-1358
-1397
-1465
-1556
-1667
-1786
-1902
-2003
-2085
-2144
-2182
-2207
-2225
-2242
-2265
-2286
-2311
-2329
-2343
-2347
-2342
-2334
-2326
-2323
-2328
-2337
-2348
-2353
-2353
-2343
-2326
-2310
-2300
-2305
-2333
-2388
-2462
-2553
-2649
-2738
-2809
-2853
-2862
-2839
-2784
-2703
-2606
-2500
-2401
-2312
-2252
-2227
-2239
-2290
-2367
-2465
-2559
-2639
-2688
-2697
-2664
-2596
-2502
-2396
-2296
-2217
-2170
-2162
-2191
-2257
-2346
-2448
-2550
-2641
-2714
-2768
-2800
-2809
-2799
-2772
-2731
-2679
-2620
-2556
-2500
-2453
-2427
-2424
-2445
-2487
-2544
-2608
-2671
-2726
-2765
-2791
-2797
-2789
-2775
-2755
-2740
-2734
-2740
-2755
-2779
-2804
-2825
-2834
-2831
-2807
-2760
-2691
-2597
-2486
-2362
-2234
-2113
-2010
-1933
-1887
-1883
-1916
-1986
-2082
-2188
-2291
-2372
-2420
-2429
-2405
-2355
-2295
-2241
-2202
-2188
-2199
-2225
-2267
-2312
-2351
-2376
-2385
-2377
-2358
-2329
-2303
-2283
-2276
-2283
-2308
-2337
-2373
-2407
-2436
-2453
-2452
-2431
-2388
-2324
-2242
-2150
-2062
-1982
-1918
-1877
-1861
-1871
-1902
-1950
-2015
-2086
-2157
-2224
-2275
-2302
-2309
-2292
-2251
-2190
-2110
-2011
-1895
-1764
-1621
-1474
-1328
-1195
-1082
-992
-936
-905
-903
-927
-971
-1033
-1103
-1182
-1266
-1354
-1447
-1546
-1653
-1772
-1892
-2016
-2133
-2233
-2306
-2352
-2361
-2340
-2298
-2245
-2189
-2150
-2129
-2132
-2160
-2209
-2268
-2324
-2367
-2385
-2373
-2330
-2265
-2181
-2093
-2010
-1940
-1883
-1844
-1819
-1807
-1802
-1798
-1790
-1770
-1732
-1673
-1592
-1493
-1381
-1272
-1173
-1096
-1054
-1046
-1073
-1130
-1201
-1278
-1354
-1418
-1474
-1525
-1579
-1640
-1709
-1787
-1863
-1932
-1984
-2010
-2010
-1983
-1934
-1862
-1781
-1697
-1613
-1545
-1498
-1483
-1499
-1548
-1622
-1705
-1787
-1858
-1912
-1942
-1953
-1943
-1926
-1895
-1856
-1805
-1741
-1665
-1576
-1480
-1385
-1301
-1240
-1212
-1223
-1273
-1352
-1452
-1564
-1676
-1781
-1866
-1927
-1956
-1952
-1908
-1826
-1708
-1563
-1405
-1242
-1097
-988
-920
-907
-947
-1033
-1151
-1283
-1413
-1524
-1609
-1668
-1701
-1725
-1751
-1797
-1869
-1977
-2121
-2287
-2463
-2633
-2773
-2876
-2927
-2928
-2880
-2794
-2682
-2560
-2441
-2337
-2247
-2168
-2096
-2012
-1903
-1762
-1590
-1390
-1187
-992
-829
-714
-653
-656
-712
-818
-956
-1122
-1298
-1473
-1642
-1799
-1941
-2066
-2177
-2272
-2351
-2412
-2447
-2449
-2426
-2380
-2322
-2271
-2236
-2236
-2267
-2329
-2409
-2492
-2565
-2617
-2644
-2641
-2614
-2560
-2493
-2409
-2314
-2209
-2091
-1959
-1810
-1642
-1463
-1274
-1086
-916
-776
-680
-627
-619
-640
-681
-729
-774
-810
-843
-870
-901
-932
-968
-1014
-1070
-1133
-1213
-1308
-1412
-1526
-1641
-1752
-1854
-1945
-2023
-2088
-2145
-2197
-2243
-2285
-2327
-2364
-2397
-2424
-2453
-2475
-2498
-2519
-2528
-2522
-2494
-2439
-2353
-2245
-2113
-1972
-1832
-1701
-1582
-1479
-1394
-1322
-1265
-1224
-1202
-1200
-1218
-1257
-1307
-1360
-1415
-1462
-1503
-1544
-1593
-1655
-1739
-1843
-1960
-2081
-2195
-2291
-2362
-2412
-2445
-2462
-2478
-2492
-2510
-2531
-2551
-2566
-2576
-2572
-2557
-2525
-2477
-2414
-2335
-2234
-2118
-1984
-1832
-1668
-1498
-1330
-1169
-1027
-910
-833
-797
-809
-867
-968
-1095
-1240
-1382
-1511
-1618
-1696
-1742
-1754
-1742
-1706
-1649
-1586
-1519
-1459
-1415
-1384
-1369
-1364
-1361
-1352
-1335
-1301
-1255
-1194
-1131
-1072
-1026
-1006
-1018
-1064
-1136
-1214
-1275
-1295
-1259
-1159
-1000
-801
-587
-384
-213
-96
-34
-27
-77
-164
-279
-411
-545
-680
-806
-925
-1040
-1145
-1249
-1346
-1440
-1526
-1610
-1682
-1749
-1809
-1864
-1917
-1964
-2005
-2033
-2052
-2060
-2065
-2070
-2085
-2112
-2150
-2192
-2229
-2245
-2238
-2200
-2137
-2049
-1949
-1840
-1725
-1603
-1479
-1347
-1209
-1073
-948
-843
-777
-756
-780
-848
-946
-1061
-1177
-1278
-1345
-1376
-1366
-1333
-1282
-1237
-1218
-1227
-1277
-1355
-1446
-1543
-1630
-1699
-1748
-1787
-1823
-1870
-1935
-2024
-2129
-2241
-2340
-2411
-2442
-2424
-2358
-2245
-2104
-1933
-1746
-1546
-1338
-1124
-912
-707
-524
-371
-253
-183
-153
-170
-225
-317
-438
-587
-757
-940
-1122
-1298
-1459
-1597
-1711
-1803
-1873
-1932
-1972
-2001
-2017
-2018
-2003
-1972
-1921
-1862
-1792
-1721
-1651
-1592
-1548
-1514
-1491
-1473
-1453
-1427
-1390
-1344
-1289
-1225
-1152
-1074
-996
-915
-843
-784
-744
-730
-739
-780
-851
-943
-1052
-1166
-1286
-1391
-1483
-1555
-1607
-1644
-1660
-1666
-1662
-1648
-1628
-1606
-1583
-1570
-1573
-1597
-1645
-1713
-1793
-1874
-1950
-2010
-2054
-2080
-2086
-2079
-2057
-2017
-1963
-1894
-1813
-1720
-1624
-1514
-1400
-1278
-1154
-1034
-927
-841
-788
-770
-792
-850
-944
-1068
-1219
-1392
-1577
-1763
-1940
-2089
-2207
-2283
-2314
-2310
-2277
-2231
-2184
-2142
-2115
-2097
-2086
-2073
-2048
-2015
-1973
-1932
-1906
-1902
-1929
-1988
-2077
-2180
-2281
-2365
-2422
-2444
-2422
-2366
-2278
-2162
-2028
-1879
-1718
-1547
-1376
-1207
-1050
-908
-788
-690
-621
-577
-565
-581
-628
-710
-819
-952
-1094
-1234
-1355
-1441
-1483
-1483
-1445
-1373
-1286
-1192
-1111
-1048
-1015
-1012
-1041
-1094
-1168
-1256
-1357
-1474
-1608
-1766
-1945
-2142
-2346
-2537
-2701
-2815
-2868
-2843
-2741
-2565
-2331
-2055
-1764
-1482
-1232
-1032
-894
-817
-800
-831
-902
-1003
-1126
-1267
-1423
-1588
-1754
-1914
-2057
-2171
-2246
-2284
-2282
-2255
-2210
-2157
-2107
-2063
-2033
-2015
-2007
-2011
-2025
-2046
-2069
-2088
-2099
-2093
-2062
-2004
-1920
-1803
-1665
-1508
-1349
-1189
-1045
-913
-798
-698
-613
-535
-475
-427
-403
-401
-421
-461
-521
-595
-684
-787
-907
-1038
-1176
-1321
-1467
-1606
-1734
-1850
-1946
-2023
-2074
-2101
-2107
-2090
-2065
-2041
-2030
-2038
-2065
-2116
-2176
-2237
-2281
-2300
-2285
-2231
-2144
-2024
-1885
-1722
-1545
-1359
-1168
-985
-813
-666
-551
-474
-433
-420
-432
-457
-484
-515
-548
-588
-636
-692
-751
-808
-857
-892
-906
-909
-908
-912
-934
-982
-1057
-1160
-1284
-1427
-1579
-1737
-1890
-2032
-2154
-2255
-2325
-2364
-2378
-2360
-2321
-2258
-2181
-2095
-2010
-1936
-1881
-1849
-1836
-1835
-1836
-1824
-1789
-1719
-1619
-1487
-1332
-1168
-1002
-853
-727
-635
-581
-569
-595
-652
-732
-827
-932
-1040
-1150
-1262
-1371
-1477
-1576
-1668
-1757
-1848
-1942
-2045
-2157
-2276
-2394
-2507
-2601
-2668
-2700
-2698
-2657
-2588
-2498
-2393
-2282
-2167
-2048
-1916
-1769
-1600
-1416
-1221
-1032
-858
-721
-616
-545
-497
-464
-434
-408
-389
-393
-426
-501
-619
-768
-937
-1103
-1255
-1382
-1478
-1548
-1606
-1656
-1713
-1779
-1854
-1930
-2000
-2057
-2095
-2113
-2110
-2090
-2055
-2005
-1943
-1871
-1796
-1726
-1668
-1632
-1612
-1600
-1596
-1579
-1538
-1469
-1373
-1261
-1143
-1031
-947
-895
-881
-902
-952
-1027
-1120
-1218
-1319
-1419
-1510
-1588
-1652
-1693
-1713
-1713
-1699
-1681
-1665
-1656
-1656
-1657
-1656
-1650
-1631
-1603
-1572
-1548
-1543
-1564
-1613
-1685
-1778
-1872
-1964
-2035
-2082
-2100
-2081
-2027
-1935
-1805
-1645
-1463
-1281
-1112
-977
-891
-862
-888
-965
-1082
-1216
-1353
-1482
-1596
-1689
-1763
-1816
-1850
-1864
-1854
-1824
-1780
-1725
-1668
-1623
-1588
-1568
-1558
-1556
-1547
-1533
-1503
-1462
-1408
-1350
-1291
-1244
-1213
-1206
-1225
-1269
-1339
-1436
-1549
-1674
-1797
-1908
-1992
-2048
-2070
-2067
-2052
-2044
-2056
-2104
-2188
-2304
-2441
-2580
-2712
-2820
-2898
-2945
-2962
-2951
-2916
-2854
-2770
-2658
-2525
-2373
-2212
-2054
-1916
-1816
-1762
-1764
-1815
-1907
-2027
-2152
-2270
-2372
-2446
-2501
-2538
-2573
-2609
-2650
-2698
-2742
-2776
-2789
-2773
-2718
-2629
-2508
-2364
-2213
-2065
-1932
-1827
-1757
-1724
-1727
-1763
-1817
-1880
-1936
-1982
-2011
-2026
-2030
-2028
-2027
-2028
-2037
-2048
-2062
-2077
-2084
-2085
-2073
-2057
-2033
-2013
-1991
-1977
-1967
-1955
-1943
-1924
-1898
-1871
-1844
-1819
-1804
-1796
-1795
-1796
-1797
-1807
-1824
-1857
-1915
-1995
-2099
-2211
-2319
-2403
-2456
-2467
-2436
-2369
-2275
-2169
-2061
-1964
-1884
-1836
-1818
-1833
-1870
-1925
-1986
-2041
-2085
-2110
-2113
-2095
-2056
-2000
-1928
-1846
-1759
-1676
-1605
-1551
-1516
-1508
-1524
-1563
-1619
-1690
-1774
-1866
-1960
-2053
-2142
-2224
-2292
-2348
-2388
-2417
-2433
-2443
-2455
-2467
-2482
-2498
-2512
-2519
-2517
-2505
-2488
-2462
-2435
-2403
-2371
-2337
-2290
-2239
-2179
-2107
-2025
-1934
-1828
-1708
-1568
-1413
-1241
-1060
-877
-701
-536
-389
-270
-179
-117
-86
-78
-89
-112
-133
-142
-128
-84
-6
97
214
336
442
516
550
541
489
404
299
185
78
-2
-48
-59
-27
42
138
255
386
521
652
777
895
999
1098
1185
1261
1320
1363
1386
1388
1368
1342
1309
1280
1262
1247
1240
1221
1195
1152
1101
1047
1003
983
1004
1066
1177
1322
1483
1642
1778
1873
1923
1931
1899
1847
1781
1716
1660
1609
1565
1526
1489
1451
1417
1396
1388
1399
1434
1487
1560
1644
1728
1798
1844
1845
1796
1683
1511
1288
1031
758
488
238
21
-155
-288
-379
-433
-457
-460
-455
-452
-458
-468
-492
-519
-550
-576
-595
-610
-622
-626
-633
-643
-643
-636
-612
-569
-502
-411
-305
-192
-76
30
119
188
229
234
205
140
41
-89
-241
-407
-572
-721
-838
-921
-959
-956
-927
-885
-842
-816
-810
-827
-856
-895
-922
-937
-926
-893
-844
-786
-736
-700
-688
-698
-726
-761
-795
-819
-825
-813
-790
-755
-722
-701
-694
-705
-733
-771
-817
-856
-887
-898
-896
-878
-850
-819
-806
-813
-849
-920
-1019
-1139
-1260
-1374
-1464
-1528
-1556
-1556
-1528
-1482
-1416
-1345
-1265
-1181
-1099
-1022
-954
-898
-855
-828
-810
-808
-810
-814
-816
-820
-825
-832
-844
-868
-896
-932
-963
-983
-986
-958
-899
-801
-659
-472
-242
28
329
660
1009
1367
1727
2083
2421
2741
3049
3353
3674
4028
4434
4897
5407
5946
6485
6989
7421
7757
7980
8084
8078
7982
7825
7642
7471
7346
7302
7351
7497
7723
8001
8294
8553
8742
8836
8824
8713
8524
8290
8036
7789
7564
7375
7221
7106
7024
6971
6943
6931
6935
6945
6960
6975
6991
6999
6992
6970
6926
6863
6794
6727
6685
6681
6724
6809
6921
7034
7119
7148
7104
6983
6795
6558
6293
6025
5766
5525
5306
5101
4911
4732
4570
4433
4325
4255
4221
4224
4250
4290
4338
4396
4464
4552
4665
4803
4954
5098
5219
5289
5297
5230
5093
4894
4653
4383
4107
3836
3583
3350
3135
2936
2747
2566
2396
2242
2104
1989
1893
1806
1725
1640
1548
1450
1355
1276
1218
1193
1204
1247
1319
1411
1520
1635
1751
1854
1932
1969
1960
1899
1790
1645
1477
1300
1126
962
812
685
581
509
471
479
530
631
770
937
1111
1272
1401
1479
1491
1438
1329
1181
1022
879
787
766
825
955
1134
1337
1536
1706
1842
1942
2019
2083
2135
2175
2199
2189
2143
2055
1940
1812
1693
1608
1567
1572
1619
1691
1764
1821
1846
1843
1813
1768
1722
1696
1706
1761
1870
2039
2265
2539
2842
3152
3441
3678
3838
3901
3864
3735
3535
3296
3058
2855
2720
2670
2718
2862
3082
3357
3648
3925
4156
4318
4401
4413
4364
4281
4179
4079
3989
3905
3829
3752
3676
3605
3542
3500
3483
3491
3529
3586
3656
3732
3808
3879
3944
3998
4044
4081
4115
4153
4209
4293
4423
4612
4864
5176
5533
5918
6297
6638
6907
7078
7128
7041
6823
6485
6038
5523
4969
4409
3876
3395
2980
2641
2376
2180
2046
1970
1945
1974
2052
2185
2366
2588
2836
3087
3320
3515
3651
3715
3704
3620
3468
3258
3003
2718
2417
2112
1823
1554
1325
1136
989
884
816
781
778
805
862
952
1074
1223
1402
1605
1839
2114
2447
2861
3380
4021
4793
5688
6681
7746
8839
9919
10963
11949
12871
13739
14570
15382
16190
17004
17826
18659
19499
20343
21190
22030
22836
23572
24193
24652
24921
24987
24866
24594
24217
23778
23314
22851
22390
21939
21494
21058
20641
20268
19967
19774
19712
19792
20003
20311
20664
20997
21248
21365
21304
21051
20612
20015
19307
18551
17817
17165
16641
16266
16037
15931
15916
15943
15980
15987
15942
15830
15651
15405
15108
14774
14417
14056
13701
13366
13062
12791
12563
12385
12267
12219
12254
12378
12597
12902
13285
13724
14186
14632
15030
15348
15570
15691
15740
15750
15764
15839
16015
16319
16762
17331
17986
18670
19312
19827
20155
20233
20032
19557
18832
17921
16896
15858
14891
14084
13488
13137
13023
13116
13365
13705
14062
14381
14605
14702
14663
14492
14218
13872
13488
13094
12726
12395
12120
11914
11791
11761
11828
11981
12202
12460
12708
12899
12987
12943
12749
12402
11927
11345
10688
9993
9293
8628
8040
7559
7212
7016
6961
7038
7216
7454
7716
7967
8171
8307
8357
8317
8189
7981
7716
7419
7119
6854
6657
6558
6573
6714
6965
7299
7675
8048
8372
8612
8748
8771
8690
8518
8281
8000
7694
7384
7080
6797
6549
6357
6244
6226
6315
6514
6798
7141
7499
7819
8054
8169
8137
7953
7628
7193
6681
6139
5610
5132
4738
4445
4269
4199
4224
4318
4450
4584
4685
4730
4701
4593
4419
4194
3942
3687
3451
3247
3087
2973
2910
2900
2941
3038
3182
3370
3582
3806
4027
4229
4403
4547
4660
4741
4787
4799
4770
4689
4556
4371
4130
3839
3512
3161
2801
2451
2124
1843
1613
1447
1342
1289
1279
1292
1315
1339
1362
1388
1423
1473
1536
1603
1662
1702
1711
1690
1648
1595
1552
1532
1546
1597
1681
1783
1888
1969
2014
2006
1946
1838
1701
1550
1398
1259
1137
1032
937
853
770
689
610
535
474
434
417
421
452
499
560
625
700
783
880
992
1122
1269
1420
1562
1682
1757
1770
1716
1595
1424
1229
1040
885
780
741
763
842
955
1091
1230
1359
1478
1575
1647
1686
1691
1652
1564
1424
1233
1003
741
475
221
-2
-184
-317
-407
-458
-481
-481
-465
-444
-424
-407
-394
-388
-380
-363
-330
-278
-200
-104
3
117
226
322
405
475
530
565
577
558
498
389
243
64
-129
-319
-485
-613
-692
-717
-694
-637
-556
-476
-409
-370
-365
-394
-451
-527
-613
-695
-762
-805
-819
-800
-746
-656
-542
-409
-268
-131
-1
114
222
326
432
544
660
778
888
980
1048
1089
1104
1099
1076
1049
1012
970
921
860
789
712
625
531
431
317
194
60
-72
-199
-307
-383
-425
-433
-410
-362
-300
-238
-181
-135
-109
-105
-123
-157
-210
-274
-351
-440
-548
-677
-823
-984
-1146
-1291
-1403
-1470
-1472
-1415
-1296
-1123
-909
-667
-420
-185
13
158
231
232
161
37
-118
-282
-428
-546
-633
-684
-717
-737
-752
-770
-791
-810
-829
-851
-876
-909
-954
-1011
-1079
-1157
-1232
-1296
-1339
-1352
-1333
-1285
-1218
-1144
-1073
-1014
-971
-936
-902
-861
-797
-711
-599
-464
-314
-163
-24
83
144
141
63
-88
-298
-544
-794
-1017
-1183
-1286
-1323
-1308
-1264
-1207
-1161
-1137
-1141
-1176
-1240
-1328
-1439
-1563
-1693
-1819
-1931
-2025
-2094
-2134
-2145
-2132
-2091
-2026
-1938
-1824
-1684
-1518
-1334
-1139
-948
-765
-606
-475
-373
-294
-236
-189
-156
-127
-112
-113
-139
-198
-294
-429
-594
-779
-966
-1145
-1303
-1431
-1526
-1583
-1602
-1582
-1526
-1432
-1311
-1171
-1027
-894
-788
-724
-708
-742
-816
-914
-1023
-1130
-1225
-1308
-1383
-1457
-1538
-1618
-1694
-1758
-1789
-1780
-1722
-1604
-1433
-1215
-965
-700
-444
-210
-15
128
222
266
270
248
207
149
76
-16
-138
-294
-489
-718
-974
-1244
-1513
-1765
-1989
-2171
-2309
-2396
-2432
-2425
-2373
-2282
-2150
-1981
-1781
-1554
-1308
-1056
-811
-581
-380
-214
-81
4
53
65
41
-12
-83
-162
-236
-291
-318
-320
-295
-261
-234
-224
-237
-279
-335
-399
-462
-519
-573
-634
-709
-810
-939
-1095
-1266
-1441
-1599
-1737
-1848
-1925
-1973
-1996
-1992
-1961
-1902
-1808
-1684
-1530
-1355
-1173
-995
-840
-712
-620
-565
-546
-558
-600
-675
-782
-924
-1103
-1312
-1540
-1773
-1992
-2182
-2327
-2422
-2464
-2465
-2426
-2365
-2290
-2209
-2130
-2057
-1995
-1945
-1910
-1885
-1870
-1855
-1834
-1793
-1727
-1631
-1518
-1398
-1292
-1222
-1201
-1237
-1335
-1480
-1655
-1846
-2038
-2216
-2370
-2495
-2593
-2665
-2711
-2738
-2751
-2754
-2751
-2744
-2735
-2721
-2711
-2699
-2687
-2671
-2653
-2625
-2585
-2525
-2448
-2353
-2245
-2132
-2015
-1901
-1795
-1702
-1630
-1587
-1580
-1613
-1691
-1808
-1949
-2099
-2235
-2340
-2404
-2423
-2399
-2345
-2266
-2181
-2094
-2020
-1962
-1922
-1905
-1905
-1917
-1932
-1948
-1954
-1945
-1926
-1894
-1854
-1811
-1773
-1748
-1737
-1744
-1762
-1788
-1807
-1807
-1782
-1718
-1613
-1467
-1285
-1076
-856
-639
-441
-274
-153
-87
-78
-130
-234
-376
-540
-714
-875
-1017
-1130
-1215
-1271
-1299
-1304
-1287
-1249
-1195
-1127
-1052
-979
-917
-873
-851
-855
-889
-941
-1013
-1093
-1168
-1238
-1294
-1325
-1336
-1320
-1281
-1221
-1143
-1062
-982
-912
-858
-818
-796
-784
-782
-786
-803
-831
-869
-920
-978
-1038
-1093
-1138
-1170
-1201
-1238
-1295
-1375
-1486
-1623
-1777
-1933
-2075
-2191
-2268
-2303
-2292
-2236
-2142
-2016
-1866
-1702
-1533
-1365
-1204
-1055
-926
-813
-723
-654
-611
-598
-615
-661
-733
-823
-921
-1018
-1110
-1185
-1245
-1291
-1326
-1353
-1375
-1396
-1420
-1455
-1496
-1543
-1597
-1654
-1712
-1771
-1831
-1893
-1952
-2009
-2052
-2083
-2092
-2081
-2051
-2000
-1935
-1849
-1747
-1621
-1466
-1290
-1093
-882
-664
-454
-252
-66
100
246
368
464
538
586
616
633
639
633
611
574
515
431
333
227
124
30
-47
-111
-171
-228
-291
-361
-438
-513
-576
-621
-639
-631
-598
-550
-498
-450
-415
-399
-407
-433
-481
-543
-617
-693
-761
-811
-832
-815
-760
-675
-576
-480
-404
-363
-373
-432
-535
-671
-832
-995
-1149
-1289
-1408
-1506
-1592
-1665
-1729
-1782
-1823
-1854
-1868
-1871
-1867
-1862
-1860
-1855
-1847
-1825
-1784
-1720
-1631
-1524
-1407
-1289
-1180
-1078
-988
-904
-822
-737
-647
-551
-454
-353
-248
-137
-19
111
250
389
519
628
700
727
707
644
543
418
279
136
-6
-143
-277
-405
-528
-649
-758
-862
-952
-1028
-1091
-1144
-1195
-1259
-1338
-1443
-1571
-1716
-1866
-2008
-2131
-2220
-2275
-2288
-2254
-2167
-2030
-1842
-1610
-1349
-1080
-829
-618
-459
-365
-331
-347
-399
-476
-561
-645
-722
-789
-840
-869
-877
-854
-800
-713
-597
-460
-307
-158
-15
106
198
254
269
243
174
66
-74
-246
-439
-654
-875
-1102
-1321
-1526
-1701
-1850
-1967
-2048
-2099
-2118
-2106
-2066
-1999
-1911
-1808
-1693
-1573
-1452
-1331
-1217
-1113
-1027
-968
-947
-964
-1027
-1130
-1259
-1405
-1551
-1689
-1809
-1911
-1988
-2041
-2065
-2056
-2020
-1954
-1866
-1761
-1655
-1557
-1480
-1433
-1417
-1433
-1474
-1532
-1590
-1635
-1657
-1647
-1601
-1521
-1408
-1274
-1120
-955
-784
-618
-460
-319
-196
-97
-21
32
60
62
30
-41
-165
-345
-577
-847
-1142
-1432
-1700
-1923
-2095
-2211
-2281
-2316
-2324
-2317
-2307
-2302
-2296
-2295
-2295
-2294
-2288
-2280
-2264
-2251
-2241
-2241
-2243
-2252
-2265
-2271
-2261
-2228
-2161
-2056
-1902
-1707
-1469
-1203
-926
-656
-418
-226
-97
-30
-23
-67
-149
-257
-380
-514
-657
-806
-959
-1111
-1258
-1396
-1515
-1614
-1691
-1742
-1776
-1788
-1790
-1783
-1779
-1782
-1789
-1801
-1811
-1813
-1795
-1750
-1673
-1562
-1424
-1273
-1124
-994
-897
-845
-837
-864
-917
-976
-1029
-1062
-1070
-1057
-1025
-988
-952
-924
-911
-915
-936
-975
-1035
-1112
-1199
-1289
-1367
-1423
-1446
-1433
-1389
-1319
-1238
-1160
-1096
-1053
-1029
-1030
-1049
-1076
-1112
-1152
-1195
-1245
-1295
-1353
-1403
-1451
-1488
-1515
-1538
-1557
-1579
-1601
-1617
-1619
-1600
-1550
-1467
-1351
-1210
-1054
-893
-733
-582
-443
-321
-206
-108
-24
41
82
99
89
47
-20
-116
-232
-366
-505
-639
-757
-854
-929
-984
-1036
-1088
-1152
-1230
-1321
-1421
-1522
-1622
-1713
-1796
-1867
-1916
-1938
-1922
-1862
-1759
-1623
-1460
-1288
-1124
-980
-861
-770
-708
-666
-639
-627
-622
-626
-638
-660
-686
-719
-755
-794
-839
-889
-947
-1015
-1086
-1157
-1224
-1275
-1307
-1316
-1306
-1280
-1245
-1211
-1177
-1149
-1116
-1079
-1034
-980
-925
-874
-842
-828
-843
-888
-961
-1054
-1157
-1265
-1361
-1432
-1468
-1461
-1408
-1315
-1194
-1059
-926
-816
-743
-717
-735
-795
-885
-991
-1102
-1205
-1292
-1352
-1383
-1384
-1355
-1302
-1233
-1155
-1076
-1008
-954
-925
-924
-952
-1002
-1067
-1127
-1174
-1197
-1189
-1150
-1086
-1009
-926
-851
-792
-753
-739
-742
-762
-787
-807
-815
-801
-757
-681
-572
-430
-266
-80
116
313
508
684
836
945
1001
997
928
804
637
449
260
91
-50
-156
-234
-284
-316
-342
-363
-388
-418
-444
-467
-477
-464
-429
-372
-300
-226
-161
-116
-96
-102
-129
-177
-235
-294
-345
-374
-371
-331
-249
-133
0
131
245
327
367
372
339
284
208
110
-6
-143
-296
-456
-616
-766
-896
-1001
-1083
-1146
-1192
-1231
-1262
-1299
-1341
-1392
-1451
-1514
-1576
-1628
-1667
-1692
-1712
-1733
-1762
-1811
-1886
-1986
-2103
-2231
-2347
-2431
-2462
-2425
-2308
-2112
-1850
-1543
-1225
-921
-664
-473
-359
-312
-320
-365
-422
-479
-527
-559
-584
-609
-639
-680
-731
-788
-848
-898
-936
-964
-980
-995
-1016
-1049
-1102
-1174
-1259
-1360
-1464
-1568
-1666
-1756
-1825
-1873
-1895
-1884
-1842
-1762
-1648
-1499
-1323
-1126
-920
-719
-535
-383
-274
-209
-190
-215
-265
-334
-408
-480
-552
-619
-692
-763
-836
-907
-973
-1026
-1080
-1129
-1187
-1261
-1346
-1445
-1548
-1653
-1755
-1853
-1943
-2025
-2105
-2180
-2253
-2321
-2381
-2429
-2461
-2473
-2462
-2427
-2368
-2289
-2190
-2083
-1967
-1848
-1734
-1620
-1510
-1401
-1289
-1172
-1043
-901
-745
-583
-421
-277
-166
-103
-92
-131
-212
-311
-412
-500
-568
-624
-672
-731
-805
-904
-1028
-1172
-1328
-1485
-1634
-1759
-1849
-1902
-1915
-1896
-1859
-1810
-1761
-1718
-1686
-1668
-1662
-1664
-1670
-1669
-1645
-1590
-1486
-1329
-1128
-896
-656
-434
-260
-148
-106
-129
-211
-333
-476
-623
-764
-881
-968
-1014
-1018
-980
-904
-804
-687
-559
-440
-328
-238
-176
-148
-159
-219
-321
-467
-651
-860
-1079
-1292
-1492
-1662
-1799
-1896
-1953
-1975
-1959
-1911
-1833
-1723
-1590
-1439
-1270
-1094
-910
-730
-558
-400
-265
-161
-93
-74
-104
-180
-299
-443
-598
-742
-859
-944
-996
-1019
-1029
-1032
-1032
-1034
-1029
-1015
-990
-950
-904
-860
-817
-788
-771
-768
-778
-798
-820
-841
-856
-855
-841
-813
-768
-712
-655
-591
-525
-453
-371
-281
-184
-90
-12
32
30
-18
-123
-270
-447
-643
-840
-1029
-1203
-1356
-1481
-1583
-1648
-1684
-1681
-1649
-1588
-1506
-1417
-1331
-1255
-1202
-1172
-1164
-1176
-1203
-1238
-1276
-1319
-1359
-1399
-1433
-1460
-1483
-1501
-1520
-1538
-1549
-1554
-1540
-1508
-1438
-1336
-1205
-1054
-888
-726
-581
-458
-374
-333
-340
-391
-488
-617
-766
-918
-1054
-1153
-1214
-1235
-1218
-1188
-1155
-1134
-1140
-1174
-1242
-1338
-1462
-1600
-1748
-1894
-2028
-2138
-2224
-2280
-2312
-2329
-2339
-2353
-2375
-2408
-2448
-2489
-2527
-2551
-2563
-2557
-2534
-2498
-2448
-2386
-2313
-2237
-2158
-2081
-2014
-1952
-1896
-1842
-1781
-1704
-1611
-1492
-1353
-1202
-1050
-913
-805
-739
-720
-741
-799
-879
-974
-1066
-1155
-1231
-1296
-1349
-1389
-1416
-1428
-1427
-1414
-1390
-1354
-1315
-1275
-1243
-1220
-1211
-1224
-1255
-1310
-1388
-1489
-1603
-1722
-1836
-1932
-2000
-2030
-2019
-1972
-1900
-1814
-1730
-1655
-1599
-1562
-1540
-1530
-1529
-1537
-1548
-1562
-1576
-1588
-1592
-1584
-1566
-1537
-1504
-1474
-1452
-1445
-1457
-1484
-1530
-1581
-1630
-1668
-1690
-1692
-1678
-1656
-1635
-1621
-1617
-1625
-1645
-1673
-1707
-1746
-1788
-1831
-1876
-1918
-1950
-1967
-1965
-1940
-1895
-1837
-1774
-1716
-1666
-1628
-1599
-1576
-1550
-1525
-1497
-1473
-1466
-1480
-1523
-1591
-1683
-1784
-1885
-1981
-2061
-2125
-2170
-2199
-2207
-2199
-2170
-2121
-2051
-1962
-1855
-1737
-1620
-1506
-1408
-1335
-1290
-1273
-1276
-1293
-1313
-1324
-1327
-1317
-1305
-1291
-1294
-1310
-1349
-1402
-1465
-1529
-1585
-1630
-1664
-1693
-1714
-1734
-1749
-1758
-1758
-1751
-1735
-1722
-1713
-1718
-1736
-1774
-1827
-1893
-1972
-2057
-2142
-2230
-2304
-2364
-2398
-2401
-2370
-2309
-2217
-2104
-1979
-1852
-1739
-1643
-1577
-1539
-1536
-1559
-1597
-1644
-1687
-1719
-1729
-1718
-1690
-1660
-1631
-1619
-1637
-1681
-1754
-1850
-1952
-2053
-2144
-2218
-2278
-2329
-2374
-2418
-2461
-2497
-2529
-2544
-2543
-2523
-2488
-2438
-2384
-2338
-2298
-2274
-2266
-2265
-2264
-2254
-2221
-2161
-2070
-1949
-1815
-1674
-1540
-1423
-1331
-1265
-1223
-1197
-1181
-1169
-1148
-1116
-1068
-1010
-946
-891
-854
-853
-896
-981
-1103
-1246
-1396
-1533
-1640
-1714
-1747
-1750
-1732
-1702
-1667
-1635
-1607
-1583
-1554
-1514
-1457
-1379
-1277
-1154
-1019
-891
-779
-705
-675
-693
-750
-827
-908
-969
-1002
-993
-950
-881
-796
-716
-649
-603
-584
-591
-625
-677
-752
-852
-973
-1121
-1288
-1469
-1649
-1809
-1934
-2017
-2051
-2040
-1998
-1934
-1867
-1809
-1768
-1751
-1753
-1775
-1808
-1847
-1880
-1907
-1921
-1926
-1922
-1909
-1890
-1866
-1838
-1808
-1770
-1728
-1678
-1619
-1540
-1433
-1294
-1117
-905
-668
-428
-201
-1
150
248
298
305
279
229
162
81
-4
-101
-202
-307
-414
-522
-625
-723
-818
-900
-967
-1021
-1060
-1091
-1118
-1151
-1202
-1278
-1375
-1495
-1633
-1778
-1918
-2039
-2133
-2193
-2210
-2190
-2133
-2045
-1941
-1824
-1704
-1580
-1458
-1339
-1226
-1121
-1032
-963
-917
-896
-904
-938
-1003
-1092
-1205
-1339
-1489
-1645
-1789
-1917
-2016
-2085
-2122
-2130
-2123
-2113
-2103
-2104
-2115
-2129
-2139
-2136
-2114
-2063
-1990
-1905
-1814
-1737
-1680
-1649
-1642
-1648
-1654
-1641
-1601
-1519
-1396
-1236
-1050
-849
-651
-469
-314
-198
-121
-83
-81
-114
-184
-287
-433
-615
-833
-1077
-1331
-1583
-1811
-1998
-2134
-2217
-2250
-2237
-2196
-2132
-2059
-1981
-1902
-1825
-1751
-1677
-1607
-1541
-1479
-1426
-1384
-1351
-1333
-1332
-1346
-1373
-1410
-1450
-1483
-1502
-1503
-1480
-1424
-1349
-1250
-1136
-1019
-909
-818
-757
-731
-744
-790
-860
-947
-1041
-1134
-1216
-1292
-1350
-1396
-1427
-1452
-1472
-1488
-1504
-1518
-1528
-1532
-1531
-1527
-1527
-1531
-1543
-1562
-1588
-1615
-1636
-1651
-1657
-1655
-1651
-1651
-1657
-1669
-1686
-1693
-1683
-1647
-1578
-1470
-1327
-1157
-972
-791
-634
-513
-435
-403
-409
-442
-495
-556
-630
-713
-811
-924
-1057
-1200
-1349
-1497
-1625
-1725
-1791
-1815
-1803
-1758
-1699
-1640
-1597
-1576
-1589
-1635
-1711
-1809
-1915
-2019
-2119
-2203
-2273
-2333
-2388
-2441
-2492
-2542
-2578
-2592
-2571
-2500
-2374
-2201
-1981
-1735
-1481
-1233
-1009
-815
-662
-546
-468
-429
-430
-466
-538
-642
-769
-915
-1070
-1227
-1378
-1517
-1632
-1726
-1795
-1843
-1878
-1913
-1957
-2016
-2086
-2161
-2231
-2280
-2297
-2270
-2201
-2096
-1967
-1824
-1691
-1577
-1490
-1430
-1387
-1354
-1312
-1256
-1174
-1067
-942
-813
-686
-582
-507
-469
-470
-507
-579
-679
-799
-930
-1069
-1202
-1322
-1415
-1478
-1507
-1501
-1461
-1392
-1306
-1214
-1127
-1054
-1000
-968
-950
-945
-939
-928
-917
-906
-902
-919
-964
-1044
-1157
-1300
-1465
-1635
-1794
-1930
-2030
-2080
-2080
-2030
-1943
-1828
-1702
-1580
-1465
-1356
-1248
-1134
-1011
-873
-735
-605
-498
-428
-404
-424
-478
-554
-634
-711
-770
-814
-845
-871
-898
-941
-999
-1075
-1162
-1252
-1336
-1409
-1464
-1507
-1537
-1565
-1591
-1620
-1647
-1683
-1721
-1756
-1791
-1812
-1816
-1788
-1726
-1625
-1483
-1308
-1109
-894
-678
-475
-285
-124
4
101
160
170
133
47
-84
-246
-415
-576
-707
-792
-826
-811
-754
-672
-573
-472
-382
-305
-241
-194
-158
-135
-121
-123
-137
-169
-218
-278
-348
-421
-491
-545
-572
-565
-517
-432
-313
-173
-20
125
256
364
440
486
500
497
466
420
355
267
157
27
-115
-257
-387
-495
-571
-622
-649
-664
-678
-697
-731
-791
-885
-1013
-1173
-1351
-1532
-1697
-1827
-1917
-1965
-1979
-1972
-1955
-1945
-1947
-1968
-1996
-2033
-2059
-2063
-2036
-1970
-1861
-1711
-1533
-1334
-1127
-922
-729
-553
-398
-267
-163
-94
-66
-91
-161
-278
-425
-584
-734
-864
-964
-1034
-1075
-1096
-1109
-1125
-1154
-1203
-1279
-1381
-1494
-1618
-1736
-1839
-1919
-1981
-2020
-2046
-2059
-2055
-2039
-2007
-1953
-1866
-1751
-1607
-1436
-1248
-1046
-842
-637
-449
-282
-138
-30
48
94
114
110
84
30
-44
-147
-273
-416
-573
-724
-871
-1002
-1120
-1230
-1334
-1429
-1520
-1596
-1660
-1697
-1702
-1675
-1613
-1526
-1426
-1331
-1259
-1222
-1231
-1287
-1383
-1505
-1630
-1740
-1818
-1852
-1837
-1772
-1664
-1525
-1366
-1202
-1041
-899
-788
-707
-661
-641
-638
-646
-662
-683
-721
-777
-862
-965
-1083
-1198
-1305
-1393
-1473
-1549
-1639
-1740
-1865
-1999
-2129
-2244
-2325
-2366
-2362
-2319
-2248
-2160
-2062
-1971
-1889
-1817
-1761
-1722
-1706
-1708
-1732
-1767
-1803
-1819
-1796
-1720
-1588
-1407
-1197
-982
-797
-665
-602
-618
-699
-837
-1010
-1204
-1398
-1584
-1749
-1891
-2007
-2090
-2145
-2169
-2169
-2138
-2091
-2025
-1955
-1881
-1815
-1759
-1719
-1694
-1681
-1676
-1680
-1689
-1698
-1710
-1722
-1731
-1728
-1713
-1680
-1629
-1564
-1489
-1415
-1346
-1299
-1274
-1276
-1308
-1359
-1424
-1497
-1567
-1629
-1681
-1728
-1776
-1828
-1890
-1965
-2049
-2139
-2228
-2303
-2367
-2415
-2446
-2465
-2475
-2487
-2500
-2518
-2546
-2579
-2617
-2661
-2706
-2750
-2793
-2828
-2856
-2871
-2871
-2858
-2829
-2793
-2757
-2724
-2699
-2687
-2681
-2684
-2681
-2677
-2665
-2646
-2623
-2598
-2577
-2567
-2571
-2587
-2617
-2653
-2689
-2722
-2754
-2779
-2805
-2818
-2828
-2816
-2782
-2715
-2612
-2477
-2314
-2135
-1953
-1780
-1630
-1512
-1436
-1399
-1409
-1464
-1558
-1677
-1812
-1954
-2084
-2196
-2287
-2353
-2398
-2423
-2432
-2425
-2409
-2384
-2351
-2323
-2303
-2300
-2315
-2344
-2381
-2412
-2422
-2397
-2329
-2219
-2072
-1905
-1736
-1588
-1476
-1419
-1417
-1469
-1567
-1696
-1837
-1975
-2096
-2194
-2260
-2296
-2300
-2280
-2243
-2193
-2140
-2085
-2039
-1998
-1967
-1949
-1947
-1960
-1988
-2024
-2064
-2097
-2120
-2126
-2116
-2093
-2056
-2008
-1943
-1860
-1756
-1635
-1504
-1379
-1269
-1181
-1117
-1067
-1022
-965
-898
-817
-738
-672
-638
-646
-700
-800
-932
-1084
-1238
-1383
-1502
-1590
-1647
-1671
-1674
-1662
-1642
-1628
-1620
-1618
-1628
-1642
-1656
-1675
-1698
-1726
-1758
-1799
-1843
-1888
-1938
-1983
-2023
-2063
-2089
-2107
-2105
-2082
-2043
-1992
-1939
-1896
-1865
-1848
-1838
-1834
-1825
-1812
-1792
-1776
-1764
-1762
-1771
-1791
-1827
-1873
-1930
-1994
-2060
-2122
-2173
-2210
-2225
-2230
-2221
-2209
-2198
-2191
-2185
-2182
-2176
-2173
-2162
-2147
-2129
-2108
-2084
-2061
-2037
-2018
-2001
-1985
-1964
-1932
-1877
-1801
-1705
-1597
-1494
-1406
-1347
-1322
-1333
-1374
-1449
-1554
-1684
-1833
-1991
-2150
-2287
-2388
-2450
-2471
-2455
-2417
-2367
-2323
-2300
-2302
-2331
-2381
-2443
-2511
-2574
-2624
-2657
-2679
-2682
-2670
-2643
-2607
-2564
-2516
-2469
-2420
-2363
-2297
-2211
-2106
-1971
-1815
-1644
-1465
-1294
-1141
-1018
-936
-899
-906
-950
-1026
-1126
-1241
-1356
-1463
-1547
-1603
-1622
-1602
-1556
-1495
-1438
-1396
-1387
-1406
-1450
-1515
-1591
-1672
-1758
-1837
-1918
-1994
-2068
-2140
-2205
-2261
-2309
-2347
-2376
-2402
-2426
-2451
-2476
-2502
-2516
-2507
-2472
-2403
-2297
-2167
-2018
-1861
-1716
-1590
-1486
-1408
-1353
-1328
-1335
-1377
-1463
-1589
-1749
-1933
-2120
-2290
-2430
-2528
-2584
-2599
-2580
-2544
-2503
-2470
-2453
-2463
-2498
-2549
-2611
-2668
-2704
-2716
-2702
-2668
-2623
-2587
-2560
-2555
-2566
-2586
-2609
-2624
-2619
-2591
-2540
-2464
-2365
-2245
-2111
-1964
-1812
-1658
-1507
-1368
-1252
-1168
-1131
-1150
-1229
-1360
-1528
-1702
-1865
-1989
-2067
-2094
-2083
-2040
-1991
-1946
-1916
-1908
-1925
-1965
-2019
-2083
-2142
-2194
-2231
-2251
-2257
-2248
-2233
-2216
-2203
-2197
-2200
-2201
-2199
-2183
-2140
-2062
-1947
-1791
-1605
-1402
-1194
-1002
-835
-704
-611
-553
-523
-521
-546
-601
-686
-806
-953
-1113
-1277
-1426
-1549
-1642
-1701
-1731
-1743
-1741
-1744
-1751
-1772
-1809
-1855
-1900
-1936
-1949
-1933
-1892
-1833
-1769
-1714
-1683
-1679
-1703
-1748
-1797
-1835
-1850
-1822
-1746
-1619
-1438
-1209
-950
-673
-404
-165
33
178
269
314
306
254
154
5
-191
-426
-689
-959
-1217
-1450
-1643
-1786
-1875
-1911
-1895
-1836
-1744
-1636
-1528
-1443
-1390
-1381
-1412
-1471
-1543
-1614
-1663
-1686
-1677
-1644
-1593
-1533
-1465
-1393
-1315
-1222
-1112
-977
-815
-633
-440
-250
-80
57
154
206
218
196
139
48
-81
-254
-469
-716
-977
-1227
-1448
-1617
-1725
-1771
-1761
-1712
-1639
-1565
-1510
-1488
-1516
-1592
-1713
-1863
-2027
-2190
-2338
-2463
-2565
-2646
-2710
-2761
-2797
-2816
-2807
-2760
-2669
-2522
-2326
-2082
-1803
-1509
-1218
-952
-726
-551
-431
-361
-339
-359
-420
-517
-656
-831
-1029
-1241
-1442
-1613
-1745
-1830
-1883
-1909
-1925
-1942
-1965
-1994
-2020
-2044
-2057
-2065
-2067
-2068
-2074
-2080
-2090
-2101
-2109
-2115
-2121
-2128
-2135
-2143
-2143
-2134
-2100
-2040
-1946
-1820
-1663
-1481
-1284
-1072
-855
-634
-410
-191
14
187
320
383
372
281
122
-91
-329
-563
-780
-957
-1095
-1205
-1291
-1367
-1446
-1534
-1634
-1743
-1855
-1960
-2046
-2106
-2132
-2129
-2095
-2041
-1976
-1907
-1835
-1759
-1668
-1552
-1405
-1221
-998
-745
-468
-186
87
340
555
726
845
912
930
910
864
801
725
626
498
328
115
-133
-404
-672
-920
-1139
-1313
-1450
-1553
-1630
-1691
-1746
-1807
-1882
-1977
-2094
-2229
-2367
-2498
-2606
-2678
-2693
-2650
-2549
-2390
-2189
-1962
-1726
-1504
-1307
-1142
-1008
-891
-776
-651
-504
-335
-153
26
191
318
397
