0 -6545
1 -6537
2 -6526
3 -6516
4 -6507
5 -6501
6 -6495
7 -6489
8 -6485
9 -6484
10 -6479
11 -6480
12 -6481
13 -6483
14 -6485
15 -6490
16 -6493
17 -6499
18 -6507
19 -6513
20 -6522
21 -6529
22 -6537
23 -6550
24 -6557
25 -6571
26 -6579
27 -6594
28 -6604
29 -6617
30 -6631
31 -6642
32 -6651
33 -6664
34 -6678
35 -6691
36 -6702
37 -6715
38 -6728
39 -6736
40 -6749
41 -6760
42 -6768
43 -6774
44 -6786
45 -6790
46 -6798
47 -6805
48 -6811
49 -6813
50 -6816
51 -6819
52 -6819
53 -6819
54 -6823
55 -6819
56 -6816
57 -6814
58 -6810
59 -6805
60 -6800
61 -6793
62 -6788
63 -6780
64 -6769
65 -6760
66 -6751
67 -6741
68 -6730
69 -6718
70 -6708
71 -6701
72 -6688
73 -6678
74 -6668
75 -6657
76 -6645
77 -6634
78 -6628
79 -6617
80 -6606
81 -6601
82 -6591
83 -6585
84 -6579
85 -6579
86 -6573
87 -6569
88 -6567
89 -6568
90 -6566
91 -6570
92 -6574
93 -6577
94 -6582
95 -6590
96 -6596
97 -6606
98 -6616
99 -6625
100 -6634
101 -6649
102 -6662
103 -6677
104 -6693
105 -6707
106 -6726
107 -6743
108 -6760
109 -6779
110 -6799
111 -6817
112 -6837
113 -6856
114 -6873
115 -6894
116 -6912
117 -6934
118 -6953
119 -6972
120 -6987
121 -7007
122 -7020
123 -7037
124 -7053
125 -7066
126 -7082
127 -7096
128 -7106
129 -7116
130 -7124
131 -7132
132 -7141
133 -7147
134 -7151
135 -7159
136 -7159
137 -7159
138 -7161
139 -7160
140 -7162
141 -7161
142 -7158
143 -7148
144 -7149
145 -7142
146 -7133
147 -7128
148 -7119
149 -7113
150 -7101
151 -7095
152 -7085
153 -7080
154 -7068
155 -7059
156 -7051
157 -7042
158 -7035
159 -7025
160 -7020
161 -7011
162 -7007
163 -7000
164 -6996
165 -6989
166 -6984
167 -6979
168 -6980
169 -6977
170 -6975
171 -6975
172 -6974
173 -6974
174 -6975
175 -6977
176 -6979
177 -6981
178 -6986
179 -6988
180 -6991
181 -6995
182 -7002
183 -7008
184 -7012
185 -7017
186 -7019
187 -7025
188 -7028
189 -7035
190 -7037
191 -7037
192 -7039
193 -7044
194 -7047
195 -7045
196 -7045
197 -7042
198 -7040
199 -7037
200 -7035
201 -7028
202 -7023
203 -7014
204 -7006
205 -6998
206 -6986
207 -6975
208 -6965
209 -6950
210 -6935
211 -6923
212 -6904
213 -6889
214 -6874
215 -6854
216 -6834
217 -6814
218 -6796
219 -6773
220 -6756
221 -6731
222 -6713
223 -6691
224 -6666
225 -6646
226 -6625
227 -6604
228 -6584
229 -6563
230 -6542
231 -6526
232 -6505
233 -6489
234 -6471
235 -6454
236 -6438
237 -6421
238 -6408
239 -6398
240 -6388
241 -6373
242 -6362
243 -6359
244 -6353
245 -6348
246 -6342
247 -6337
248 -6335
249 -6334
250 -6334
251 -6335
252 -6335
253 -6341
254 -6344
255 -6348
256 -6354
257 -6359
258 -6366
259 -6372
260 -6378
261 -6388
262 -6398
263 -6406
264 -6415
265 -6422
266 -6433
267 -6443
268 -6452
269 -6458
270 -6468
271 -6477
272 -6485
273 -6491
274 -6496
275 -6503
276 -6510
277 -6516
278 -6520
279 -6527
280 -6525
281 -6532
282 -6533
283 -6535
284 -6536
285 -6536
286 -6535
287 -6535
288 -6533
289 -6529
290 -6528
291 -6526
292 -6522
293 -6520
294 -6518
295 -6511
296 -6510
297 -6503
298 -6501
299 -6497
300 -6491
301 -6492
302 -6484
303 -6484
304 -6482
305 -6479
306 -6475
307 -6475
308 -6476
309 -6480
310 -6478
311 -6482
312 -6484
313 -6489
314 -6492
315 -6501
316 -6508
317 -6516
318 -6524
319 -6534
320 -6545
321 -6558
322 -6571
323 -6586
324 -6602
325 -6620
326 -6638
327 -6656
328 -6676
329 -6695
330 -6718
331 -6740
332 -6763
333 -6786
334 -6813
335 -6836
336 -6861
337 -6886
338 -6909
339 -6935
340 -6964
341 -6992
342 -7019
343 -7045
344 -7070
345 -7099
346 -7126
347 -7151
348 -7175
349 -7204
350 -7228
351 -7254
352 -7276
353 -7301
354 -7320
355 -7346
356 -7368
357 -7388
358 -7410
359 -7430
360 -7445
361 -7464
362 -7480
363 -7497
364 -7509
365 -7527
366 -7538
367 -7549
368 -7561
369 -7571
370 -7581
371 -7590
372 -7596
373 -7603
374 -7613
375 -7617
376 -7622
377 -7623
378 -7630
379 -7630
380 -7634
381 -7635
382 -7638
383 -7639
384 -7642
385 -7640
386 -7643
387 -7642
388 -7638
389 -7639
390 -7638
391 -7636
392 -7636
393 -7634
394 -7636
395 -7635
396 -7635
397 -7634
398 -7633
399 -7629
400 -7627
401 -7629
402 -7629
403 -7626
404 -7625
405 -7626
406 -7626
407 -7626
408 -7623
409 -7623
410 -7621
411 -7620
412 -7618
413 -7621
414 -7617
415 -7614
416 -7613
417 -7612
418 -7610
419 -7608
420 -7604
421 -7601
422 -7599
423 -7595
424 -7591
425 -7588
426 -7586
427 -7582
428 -7577
429 -7573
430 -7570
431 -7566
432 -7567
433 -7561
434 -7554
435 -7556
436 -7550
437 -7549
438 -7547
439 -7542
440 -7545
441 -7544
442 -7541
443 -7541
444 -7538
445 -7543
446 -7543
447 -7546
448 -7546
449 -7548
450 -7552
451 -7556
452 -7560
453 -7565
454 -7571
455 -7573
456 -7580
457 -7586
458 -7591
459 -7596
460 -7606
461 -7611
462 -7619
463 -7625
464 -7633
465 -7640
466 -7648
467 -7654
468 -7663
469 -7668
470 -7676
471 -7682
472 -7692
473 -7697
474 -7705
475 -7713
476 -7719
477 -7726
478 -7732
479 -7738
480 -7747
481 -7755
482 -7759
483 -7764
484 -7774
485 -7780
486 -7786
487 -7792
488 -7800
489 -7808
490 -7817
491 -7823
492 -7835
493 -7841
494 -7851
495 -7861
496 -7871
497 -7882
498 -7894
499 -7906
500 -7920
501 -7934
502 -7946
503 -7962
504 -7976
505 -7988
506 -8004
507 -8021
508 -8040
509 -8053
510 -8071
511 -8087
512 -8107
513 -8126
514 -8144
515 -8157
516 -8176
517 -8194
518 -8210
519 -8229
520 -8246
521 -8264
522 -8277
523 -8292
524 -8307
525 -8320
526 -8332
527 -8345
528 -8352
529 -8366
530 -8374
531 -8383
532 -8387
533 -8397
534 -8399
535 -8399
536 -8406
537 -8406
538 -8407
539 -8407
540 -8405
541 -8401
542 -8399
543 -8394
544 -8391
545 -8386
546 -8377
547 -8371
548 -8364
549 -8355
550 -8348
551 -8338
552 -8328
553 -8323
554 -8310
555 -8301
556 -8292
557 -8284
558 -8271
559 -8265
560 -8257
561 -8251
562 -8243
563 -8234
564 -8228
565 -8223
566 -8217
567 -8215
568 -8209
569 -8208
570 -8204
571 -8204
572 -8203
573 -8201
574 -8203
575 -8203
576 -8207
577 -8210
578 -8215
579 -8222
580 -8227
581 -8230
582 -8237
583 -8244
584 -8253
585 -8260
586 -8269
587 -8278
588 -8286
589 -8296
590 -8307
591 -8315
592 -8326
593 -8334
594 -8345
595 -8356
596 -8366
597 -8374
598 -8385
599 -8395
600 -8403
601 -8411
602 -8419
603 -8426
604 -8432
605 -8436
606 -8445
607 -8448
608 -8454
609 -8460
610 -8461
611 -8463
612 -8464
613 -8465
614 -8466
615 -8465
616 -8465
617 -8461
618 -8464
619 -8458
620 -8455
621 -8448
622 -8445
623 -8440
624 -8430
625 -8423
626 -8416
627 -8409
628 -8399
629 -8389
630 -8379
631 -8369
632 -8359
633 -8348
634 -8336
635 -8325
636 -8312
637 -8298
638 -8289
639 -8273
640 -8259
641 -8249
642 -8233
643 -8219
644 -8208
645 -8193
646 -8176
647 -8159
648 -8144
649 -8132
650 -8113
651 -8098
652 -8081
653 -8066
654 -8047
655 -8028
656 -8012
657 -7993
658 -7974
659 -7958
660 -7935
661 -7919
662 -7896
663 -7877
664 -7853
665 -7833
666 -7810
667 -7787
668 -7764
669 -7744
670 -7714
671 -7693
672 -7668
673 -7645
674 -7621
675 -7597
676 -7571
677 -7543
678 -7518
679 -7493
680 -7465
681 -7441
682 -7413
683 -7390
684 -7369
685 -7340
686 -7319
687 -7295
688 -7273
689 -7249
690 -7230
691 -7210
692 -7193
693 -7171
694 -7155
695 -7137
696 -7123
697 -7108
698 -7096
699 -7083
700 -7072
701 -7064
702 -7055
703 -7047
704 -7044
705 -7042
706 -7042
707 -7041
708 -7039
709 -7041
710 -7045
711 -7054
712 -7060
713 -7067
714 -7079
715 -7090
716 -7102
717 -7113
718 -7127
719 -7144
720 -7161
721 -7175
722 -7195
723 -7213
724 -7231
725 -7249
726 -7274
727 -7293
728 -7314
729 -7337
730 -7355
731 -7378
732 -7400
733 -7422
734 -7444
735 -7461
736 -7482
737 -7500
738 -7516
739 -7535
740 -7554
741 -7570
742 -7585
743 -7601
744 -7612
745 -7627
746 -7640
747 -7650
748 -7656
749 -7668
750 -7675
751 -7679
752 -7684
753 -7687
754 -7691
755 -7693
756 -7694
757 -7696
758 -7692
759 -7690
760 -7688
761 -7683
762 -7680
763 -7672
764 -7665
765 -7661
766 -7654
767 -7647
768 -7640
769 -7631
770 -7622
771 -7616
772 -7606
773 -7598
774 -7590
775 -7581
776 -7576
777 -7568
778 -7563
779 -7554
780 -7549
781 -7545
782 -7540
783 -7532
784 -7533
785 -7532
786 -7528
787 -7526
788 -7527
789 -7525
790 -7526
791 -7527
792 -7530
793 -7534
794 -7533
795 -7539
796 -7547
797 -7551
798 -7557
799 -7563
800 -7565
801 -7575
802 -7580
803 -7590
804 -7595
805 -7602
806 -7611
807 -7616
808 -7626
809 -7630
810 -7638
811 -7644
812 -7649
813 -7654
814 -7660
815 -7664
816 -7668
817 -7669
818 -7674
819 -7674
820 -7674
821 -7675
822 -7677
823 -7674
824 -7675
825 -7669
826 -7668
827 -7665
828 -7657
829 -7654
830 -7645
831 -7638
832 -7636
833 -7626
834 -7619
835 -7607
836 -7601
837 -7592
838 -7582
839 -7573
840 -7565
841 -7553
842 -7543
843 -7538
844 -7525
845 -7519
846 -7509
847 -7502
848 -7494
849 -7490
850 -7480
851 -7478
852 -7469
853 -7466
854 -7461
855 -7462
856 -7458
857 -7461
858 -7460
859 -7457
860 -7461
861 -7466
862 -7470
863 -7474
864 -7480
865 -7486
866 -7495
867 -7505
868 -7514
869 -7525
870 -7536
871 -7549
872 -7561
873 -7577
874 -7593
875 -7607
876 -7624
877 -7640
878 -7658
879 -7676
880 -7697
881 -7713
882 -7732
883 -7752
884 -7770
885 -7790
886 -7807
887 -7829
888 -7846
889 -7866
890 -7881
891 -7901
892 -7916
893 -7936
894 -7951
895 -7965
896 -7976
897 -7991
898 -8004
899 -8015
900 -8028
901 -8038
902 -8042
903 -8050
904 -8057
905 -8059
906 -8063
907 -8064
908 -8064
909 -8061
910 -8057
911 -8054
912 -8047
913 -8039
914 -8034
915 -8020
916 -8009
917 -7993
918 -7977
919 -7962
920 -7945
921 -7926
922 -7906
923 -7887
924 -7864
925 -7839
926 -7817
927 -7795
928 -7770
929 -7745
930 -7720
931 -7694
932 -7669
933 -7645
934 -7622
935 -7595
936 -7569
937 -7543
938 -7521
939 -7496
940 -7473
941 -7452
942 -7432
943 -7409
944 -7389
945 -7372
946 -7357
947 -7333
948 -7320
949 -7307
950 -7292
951 -7282
952 -7268
953 -7258
954 -7248
955 -7239
956 -7229
957 -7224
958 -7219
959 -7212
960 -7209
961 -7201
962 -7202
963 -7199
964 -7194
965 -7194
966 -7194
967 -7190
968 -7194
969 -7192
970 -7190
971 -7190
972 -7192
973 -7191
974 -7194
975 -7194
976 -7198
977 -7196
978 -7201
979 -7200
980 -7204
981 -7203
982 -7205
983 -7204
984 -7209
985 -7210
986 -7209
987 -7212
988 -7216
989 -7217
990 -7215
991 -7220
992 -7223
993 -7225
994 -7225
995 -7227
996 -7231
997 -7233
998 -7237
999 -7234
1000 -7239
1001 -7240
1002 -7243
1003 -7247
1004 -7248
1005 -7251
1006 -7254
1007 -7256
1008 -7256
1009 -7256
1010 -7260
1011 -7261
1012 -7262
1013 -7265
1014 -7268
1015 -7270
1016 -7268
1017 -7271
1018 -7272
1019 -7269
1020 -7268
1021 -7269
1022 -7269
1023 -7271
1024 -7270
1025 -7269
1026 -7266
1027 -7266
1028 -7267
1029 -7263
1030 -7262
1031 -7260
1032 -7260
1033 -7260
1034 -7261
1035 -7256
1036 -7259
1037 -7258
1038 -7258
1039 -7257
1040 -7257
1041 -7257
1042 -7259
1043 -7260
1044 -7260
1045 -7265
1046 -7270
1047 -7268
1048 -7269
1049 -7276
1050 -7276
1051 -7282
1052 -7286
1053 -7290
1054 -7294
1055 -7296
1056 -7300
1057 -7305
1058 -7311
1059 -7315
1060 -7317
1061 -7321
1062 -7326
1063 -7329
1064 -7330
1065 -7338
1066 -7338
1067 -7339
1068 -7340
1069 -7340
1070 -7341
1071 -7342
1072 -7340
1073 -7338
1074 -7338
1075 -7337
1076 -7333
1077 -7328
1078 -7322
1079 -7318
1080 -7313
1081 -7305
1082 -7297
1083 -7290
1084 -7281
1085 -7270
1086 -7260
1087 -7249
1088 -7239
1089 -7228
1090 -7216
1091 -7201
1092 -7192
1093 -7177
1094 -7160
1095 -7147
1096 -7131
1097 -7113
1098 -7098
1099 -7083
1100 -7066
1101 -7048
1102 -7030
1103 -7011
1104 -6996
1105 -6976
1106 -6960
1107 -6940
1108 -6920
1109 -6903
1110 -6882
1111 -6863
1112 -6845
1113 -6826
1114 -6804
1115 -6786
1116 -6764
1117 -6747
1118 -6728
1119 -6706
1120 -6689
1121 -6670
1122 -6649
1123 -6631
1124 -6613
1125 -6596
1126 -6577
1127 -6559
1128 -6542
1129 -6524
1130 -6508
1131 -6493
1132 -6478
1133 -6463
1134 -6446
1135 -6435
1136 -6421
1137 -6409
1138 -6395
1139 -6383
1140 -6374
1141 -6362
1142 -6354
1143 -6340
1144 -6332
1145 -6324
1146 -6315
1147 -6308
1148 -6301
1149 -6295
1150 -6287
1151 -6279
1152 -6271
1153 -6267
1154 -6263
1155 -6257
1156 -6250
1157 -6245
1158 -6238
1159 -6236
1160 -6229
1161 -6221
1162 -6215
1163 -6212
1164 -6205
1165 -6197
1166 -6189
1167 -6184
1168 -6176
1169 -6168
1170 -6161
1171 -6152
1172 -6146
1173 -6138
1174 -6129
1175 -6120
1176 -6111
1177 -6106
1178 -6097
1179 -6085
1180 -6076
1181 -6070
1182 -6063
1183 -6052
1184 -6044
1185 -6035
1186 -6027
1187 -6020
1188 -6014
1189 -6010
1190 -6005
1191 -5997
1192 -5991
1193 -5988
1194 -5980
1195 -5975
1196 -5973
1197 -5968
1198 -5965
1199 -5962
1200 -5961
1201 -5958
1202 -5959
1203 -5959
1204 -5952
1205 -5955
1206 -5957
1207 -5958
1208 -5959
1209 -5957
1210 -5959
1211 -5960
1212 -5964
1213 -5961
1214 -5966
1215 -5966
1216 -5968
1217 -5970
1218 -5974
1219 -5975
1220 -5982
1221 -5979
1222 -5981
1223 -5983
1224 -5986
1225 -5990
1226 -5991
1227 -5994
1228 -5995
1229 -5997
1230 -5997
1231 -6001
1232 -6001
1233 -6003
1234 -6004
1235 -6006
1236 -6008
1237 -6014
1238 -6015
1239 -6018
1240 -6016
1241 -6020
1242 -6024
1243 -6026
1244 -6030
1245 -6031
1246 -6034
1247 -6038
1248 -6040
1249 -6047
1250 -6049
1251 -6056
1252 -6059
1253 -6062
1254 -6073
1255 -6078
1256 -6083
1257 -6088
1258 -6097
1259 -6104
1260 -6113
1261 -6125
1262 -6133
1263 -6144
1264 -6156
1265 -6166
1266 -6176
1267 -6190
1268 -6201
1269 -6218
1270 -6231
1271 -6245
1272 -6265
1273 -6282
1274 -6300
1275 -6313
1276 -6332
1277 -6352
1278 -6374
1279 -6392
1280 -6413
1281 -6434
1282 -6457
1283 -6476
1284 -6502
1285 -6528
1286 -6548
1287 -6573
1288 -6598
1289 -6622
1290 -6650
1291 -6670
1292 -6697
1293 -6723
1294 -6748
1295 -6774
1296 -6802
1297 -6826
1298 -6852
1299 -6878
1300 -6903
1301 -6932
1302 -6953
1303 -6986
1304 -7006
1305 -7033
1306 -7057
1307 -7083
1308 -7109
1309 -7132
1310 -7155
1311 -7183
1312 -7206
1313 -7228
1314 -7252
1315 -7275
1316 -7299
1317 -7324
1318 -7347
1319 -7369
1320 -7390
1321 -7414
1322 -7437
1323 -7457
1324 -7481
1325 -7500
1326 -7523
1327 -7544
1328 -7565
1329 -7584
1330 -7605
1331 -7628
1332 -7645
1333 -7669
1334 -7685
1335 -7705
1336 -7723
1337 -7742
1338 -7759
1339 -7779
1340 -7798
1341 -7814
1342 -7827
1343 -7842
1344 -7861
1345 -7874
1346 -7886
1347 -7899
1348 -7913
1349 -7926
1350 -7936
1351 -7945
1352 -7954
1353 -7961
1354 -7966
1355 -7974
1356 -7980
1357 -7980
1358 -7983
1359 -7984
1360 -7982
1361 -7986
1362 -7980
1363 -7976
1364 -7974
1365 -7967
1366 -7958
1367 -7955
1368 -7942
1369 -7933
1370 -7919
1371 -7908
1372 -7894
1373 -7877
1374 -7863
1375 -7847
1376 -7827
1377 -7808
1378 -7786
1379 -7766
1380 -7743
1381 -7724
1382 -7699
1383 -7679
1384 -7652
1385 -7627
1386 -7601
1387 -7575
1388 -7550
1389 -7522
1390 -7497
1391 -7470
1392 -7441
1393 -7416
1394 -7387
1395 -7363
1396 -7334
1397 -7309
1398 -7280
1399 -7251
1400 -7224
1401 -7198
1402 -7174
1403 -7150
1404 -7125
1405 -7101
1406 -7078
1407 -7054
1408 -7033
1409 -7013
1410 -6992
1411 -6974
1412 -6957
1413 -6941
1414 -6924
1415 -6910
1416 -6898
1417 -6888
1418 -6877
1419 -6864
1420 -6855
1421 -6853
1422 -6845
1423 -6842
1424 -6837
1425 -6840
1426 -6837
1427 -6842
1428 -6839
1429 -6846
1430 -6852
1431 -6857
1432 -6866
1433 -6875
1434 -6885
1435 -6896
1436 -6909
1437 -6920
1438 -6937
1439 -6950
1440 -6967
1441 -6982
1442 -7001
1443 -7018
1444 -7034
1445 -7056
1446 -7071
1447 -7092
1448 -7107
1449 -7128
1450 -7148
1451 -7162
1452 -7182
1453 -7202
1454 -7217
1455 -7234
1456 -7253
1457 -7268
1458 -7282
1459 -7298
1460 -7314
1461 -7328
1462 -7339
1463 -7353
1464 -7365
1465 -7376
1466 -7386
1467 -7396
1468 -7404
1469 -7415
1470 -7421
1471 -7431
1472 -7439
1473 -7442
1474 -7451
1475 -7456
1476 -7461
1477 -7467
1478 -7472
1479 -7477
1480 -7482
1481 -7486
1482 -7491
1483 -7496
1484 -7503
1485 -7503
1486 -7509
1487 -7518
1488 -7519
1489 -7526
1490 -7531
1491 -7535
1492 -7544
1493 -7551
1494 -7559
1495 -7569
1496 -7574
1497 -7583
1498 -7591
1499 -7600
1500 -7609
1501 -7620
1502 -7631
1503 -7639
1504 -7648
1505 -7660
1506 -7673
1507 -7682
1508 -7691
1509 -7705
1510 -7716
1511 -7729
1512 -7739
1513 -7750
1514 -7756
1515 -7766
1516 -7778
1517 -7786
1518 -7791
1519 -7801
1520 -7810
1521 -7817
1522 -7824
1523 -7825
1524 -7829
1525 -7835
1526 -7834
1527 -7835
1528 -7836
1529 -7835
1530 -7837
1531 -7832
1532 -7829
1533 -7821
1534 -7818
1535 -7808
1536 -7803
1537 -7790
1538 -7781
1539 -7769
1540 -7757
1541 -7745
1542 -7733
1543 -7715
1544 -7701
1545 -7687
1546 -7671
1547 -7654
1548 -7638
1549 -7620
1550 -7605
1551 -7586
1552 -7568
1553 -7552
1554 -7533
1555 -7520
1556 -7500
1557 -7486
1558 -7469
1559 -7454
1560 -7443
1561 -7426
1562 -7413
1563 -7400
1564 -7389
1565 -7381
1566 -7370
1567 -7362
1568 -7354
1569 -7345
1570 -7342
1571 -7335
1572 -7334
1573 -7331
1574 -7330
1575 -7328
1576 -7330
1577 -7331
1578 -7332
1579 -7339
1580 -7343
1581 -7347
1582 -7354
1583 -7362
1584 -7370
1585 -7379
1586 -7385
1587 -7398
1588 -7407
1589 -7419
1590 -7431
1591 -7444
1592 -7454
1593 -7470
1594 -7484
1595 -7500
1596 -7513
1597 -7525
1598 -7541
1599 -7557
1600 -7572
1601 -7587
1602 -7602
1603 -7617
1604 -7632
1605 -7648
1606 -7664
1607 -7679
1608 -7695
1609 -7712
1610 -7726
1611 -7743
1612 -7756
1613 -7777
1614 -7789
1615 -7805
1616 -7819
1617 -7836
1618 -7851
1619 -7868
1620 -7878
1621 -7892
1622 -7907
1623 -7923
1624 -7936
1625 -7952
1626 -7964
1627 -7976
1628 -7990
1629 -8002
1630 -8011
1631 -8025
1632 -8036
1633 -8045
1634 -8057
1635 -8064
1636 -8077
1637 -8085
1638 -8093
1639 -8102
1640 -8110
1641 -8119
1642 -8124
1643 -8129
1644 -8135
1645 -8140
1646 -8142
1647 -8147
1648 -8153
1649 -8157
1650 -8155
1651 -8157
1652 -8162
1653 -8160
1654 -8160
1655 -8163
1656 -8161
1657 -8158
1658 -8158
1659 -8155
1660 -8153
1661 -8150
1662 -8149
1663 -8144
1664 -8142
1665 -8137
1666 -8133
1667 -8129
1668 -8123
1669 -8119
1670 -8113
1671 -8109
1672 -8104
1673 -8101
1674 -8097
1675 -8092
1676 -8089
1677 -8083
1678 -8084
1679 -8079
1680 -8076
1681 -8075
1682 -8073
1683 -8074
1684 -8074
1685 -8071
1686 -8073
1687 -8076
1688 -8080
1689 -8083
1690 -8084
1691 -8094
1692 -8097
1693 -8107
1694 -8112
1695 -8121
1696 -8129
1697 -8140
1698 -8150
1699 -8163
1700 -8174
1701 -8183
1702 -8199
1703 -8212
1704 -8227
1705 -8241
1706 -8253
1707 -8268
1708 -8283
1709 -8300
1710 -8314
1711 -8329
1712 -8345
1713 -8357
1714 -8375
1715 -8385
1716 -8399
1717 -8411
1718 -8425
1719 -8438
1720 -8445
1721 -8457
1722 -8467
1723 -8479
1724 -8483
1725 -8493
1726 -8500
1727 -8505
1728 -8510
1729 -8513
1730 -8517
1731 -8521
1732 -8523
1733 -8523
1734 -8527
1735 -8524
1736 -8524
1737 -8524
1738 -8522
1739 -8520
1740 -8521
1741 -8518
1742 -8518
1743 -8514
1744 -8514
1745 -8511
1746 -8513
1747 -8507
1748 -8506
1749 -8508
1750 -8508
1751 -8502
1752 -8505
1753 -8507
1754 -8507
1755 -8507
1756 -8511
1757 -8510
1758 -8517
1759 -8516
1760 -8518
1761 -8521
1762 -8525
1763 -8534
1764 -8537
1765 -8545
1766 -8550
1767 -8559
1768 -8565
1769 -8568
1770 -8575
1771 -8586
1772 -8593
1773 -8599
1774 -8606
1775 -8615
1776 -8622
1777 -8630
1778 -8637
1779 -8646
1780 -8652
1781 -8657
1782 -8664
1783 -8671
1784 -8676
1785 -8683
1786 -8687
1787 -8690
1788 -8696
1789 -8702
1790 -8700
1791 -8702
1792 -8703
1793 -8704
1794 -8701
1795 -8704
1796 -8698
1797 -8694
1798 -8689
1799 -8685
1800 -8678
1801 -8666
1802 -8663
1803 -8651
1804 -8638
1805 -8626
1806 -8615
1807 -8599
1808 -8585
1809 -8569
1810 -8550
1811 -8533
1812 -8513
1813 -8494
1814 -8471
1815 -8450
1816 -8428
1817 -8405
1818 -8380
1819 -8357
1820 -8330
1821 -8304
1822 -8280
1823 -8248
1824 -8223
1825 -8199
1826 -8169
1827 -8145
1828 -8114
1829 -8090
1830 -8064
1831 -8034
1832 -8008
1833 -7984
1834 -7956
1835 -7931
1836 -7908
1837 -7883
1838 -7861
1839 -7836
1840 -7816
1841 -7794
1842 -7773
1843 -7753
1844 -7738
1845 -7719
1846 -7703
1847 -7686
1848 -7670
1849 -7654
1850 -7643
1851 -7629
1852 -7618
1853 -7606
1854 -7597
1855 -7588
1856 -7577
1857 -7570
1858 -7562
1859 -7558
1860 -7553
1861 -7546
1862 -7541
1863 -7537
1864 -7532
1865 -7528
1866 -7526
1867 -7524
1868 -7520
1869 -7521
1870 -7518
1871 -7516
1872 -7517
1873 -7512
1874 -7514
1875 -7509
1876 -7509
1877 -7507
1878 -7507
1879 -7505
1880 -7506
1881 -7503
1882 -7500
1883 -7498
1884 -7493
1885 -7495
1886 -7491
1887 -7488
1888 -7484
1889 -7480
1890 -7479
1891 -7475
1892 -7471
1893 -7466
1894 -7461
1895 -7458
1896 -7451
1897 -7444
1898 -7442
1899 -7437
1900 -7425
1901 -7417
1902 -7413
1903 -7402
1904 -7394
1905 -7386
1906 -7375
1907 -7364
1908 -7356
1909 -7346
1910 -7332
1911 -7321
1912 -7310
1913 -7294
1914 -7283
1915 -7270
1916 -7251
1917 -7237
1918 -7224
1919 -7207
1920 -7194
1921 -7175
1922 -7160
1923 -7142
1924 -7124
1925 -7108
1926 -7092
1927 -7074
1928 -7056
1929 -7041
1930 -7023
1931 -7006
1932 -6988
1933 -6970
1934 -6954
1935 -6940
1936 -6924
1937 -6905
1938 -6892
1939 -6877
1940 -6860
1941 -6848
1942 -6833
1943 -6822
1944 -6812
1945 -6800
1946 -6789
1947 -6781
1948 -6772
1949 -6763
1950 -6755
1951 -6747
1952 -6741
1953 -6734
1954 -6729
1955 -6727
1956 -6721
1957 -6719
1958 -6716
1959 -6718
1960 -6716
1961 -6717
1962 -6718
1963 -6719
1964 -6720
1965 -6723
1966 -6724
1967 -6728
1968 -6733
1969 -6737
1970 -6743
1971 -6747
1972 -6754
1973 -6760
1974 -6767
1975 -6774
1976 -6783
1977 -6792
1978 -6800
1979 -6807
1980 -6819
1981 -6830
1982 -6840
1983 -6850
1984 -6863
1985 -6874
1986 -6886
1987 -6897
1988 -6914
1989 -6927
1990 -6942
1991 -6955
1992 -6971
1993 -6984
1994 -6999
1995 -7014
1996 -7035
1997 -7049
1998 -7069
1999 -7085
2000 -7100
2001 -7120
2002 -7137
2003 -7153
2004 -7171
2005 -7188
2006 -7208
2007 -7226
2008 -7242
2009 -7260
2010 -7276
2011 -7288
2012 -7308
2013 -7321
2014 -7339
2015 -7352
2016 -7367
2017 -7380
2018 -7395
2019 -7403
2020 -7417
2021 -7428
2022 -7438
2023 -7448
2024 -7458
2025 -7465
2026 -7472
2027 -7477
2028 -7483
2029 -7490
2030 -7495
2031 -7500
2032 -7504
2033 -7505
2034 -7510
2035 -7514
2036 -7516
2037 -7518
2038 -7521
2039 -7521
2040 -7524
2041 -7522
2042 -7524
2043 -7527
2044 -7525
2045 -7529
2046 -7530
2047 -7530
2048 -7532
2049 -7533
2050 -7533
2051 -7534
2052 -7532
2053 -7537
2054 -7539
2055 -7538
2056 -7540
2057 -7541
2058 -7545
2059 -7547
2060 -7547
2061 -7550
2062 -7551
2063 -7553
2064 -7557
2065 -7559
2066 -7559
2067 -7561
2068 -7565
2069 -7566
2070 -7567
2071 -7569
2072 -7571
2073 -7576
2074 -7578
2075 -7580
2076 -7581
2077 -7584
2078 -7588
2079 -7588
2080 -7595
2081 -7596
2082 -7596
2083 -7602
2084 -7607
2085 -7607
2086 -7612
2087 -7613
2088 -7617
2089 -7621
2090 -7626
2091 -7632
2092 -7634
2093 -7637
2094 -7640
2095 -7644
2096 -7647
2097 -7652
2098 -7654
2099 -7658
2100 -7660
2101 -7668
2102 -7670
2103 -7669
2104 -7676
2105 -7677
2106 -7676
2107 -7678
2108 -7683
2109 -7683
2110 -7684
2111 -7688
2112 -7685
2113 -7684
2114 -7684
2115 -7686
2116 -7685
2117 -7682
2118 -7682
2119 -7680
2120 -7678
2121 -7675
2122 -7672
2123 -7667
2124 -7668
2125 -7664
2126 -7662
2127 -7659
2128 -7655
2129 -7650
2130 -7647
2131 -7643
2132 -7640
2133 -7637
2134 -7633
2135 -7633
2136 -7630
2137 -7629
2138 -7629
2139 -7625
2140 -7627
2141 -7623
2142 -7623
2143 -7625
2144 -7621
2145 -7627
2146 -7627
2147 -7629
2148 -7631
2149 -7632
2150 -7634
2151 -7639
2152 -7642
2153 -7647
2154 -7651
2155 -7657
2156 -7661
2157 -7667
2158 -7673
2159 -7678
2160 -7687
2161 -7691
2162 -7699
2163 -7703
2164 -7711
2165 -7721
2166 -7726
2167 -7736
2168 -7745
2169 -7754
2170 -7761
2171 -7767
2172 -7780
2173 -7789
2174 -7798
2175 -7809
2176 -7816
2177 -7826
2178 -7837
2179 -7847
2180 -7859
2181 -7871
2182 -7883
2183 -7898
2184 -7905
2185 -7918
2186 -7933
2187 -7947
2188 -7959
2189 -7975
2190 -7988
2191 -8005
2192 -8020
2193 -8032
2194 -8046
2195 -8064
2196 -8084
2197 -8099
2198 -8112
2199 -8129
2200 -8147
2201 -8164
2202 -8181
2203 -8196
2204 -8212
2205 -8234
2206 -8250
2207 -8269
2208 -8285
2209 -8299
2210 -8317
2211 -8334
2212 -8353
2213 -8368
2214 -8386
2215 -8403
2216 -8419
2217 -8436
2218 -8452
2219 -8470
2220 -8487
2221 -8502
2222 -8517
2223 -8536
2224 -8549
2225 -8564
2226 -8582
2227 -8600
2228 -8614
2229 -8631
2230 -8649
2231 -8661
2232 -8679
2233 -8697
2234 -8711
2235 -8731
2236 -8748
2237 -8763
2238 -8782
2239 -8800
2240 -8817
2241 -8833
2242 -8849
2243 -8868
2244 -8885
2245 -8901
2246 -8921
2247 -8937
2248 -8953
2249 -8967
2250 -8989
2251 -9000
2252 -9018
2253 -9037
2254 -9052
2255 -9068
2256 -9082
2257 -9101
2258 -9115
2259 -9125
2260 -9142
2261 -9156
2262 -9166
2263 -9181
2264 -9192
2265 -9206
2266 -9216
2267 -9226
2268 -9236
2269 -9245
2270 -9256
2271 -9263
2272 -9274
2273 -9280
2274 -9284
2275 -9294
2276 -9297
2277 -9302
2278 -9307
2279 -9311
2280 -9314
2281 -9317
2282 -9317
2283 -9321
2284 -9320
2285 -9320
2286 -9321
2287 -9319
2288 -9318
2289 -9312
2290 -9309
2291 -9308
2292 -9302
2293 -9294
2294 -9289
2295 -9282
2296 -9273
2297 -9265
2298 -9259
2299 -9249
2300 -9240
2301 -9228
2302 -9217
2303 -9204
2304 -9194
2305 -9181
2306 -9168
2307 -9151
2308 -9135
2309 -9123
2310 -9110
2311 -9093
2312 -9078
2313 -9064
2314 -9050
2315 -9035
2316 -9022
2317 -9003
2318 -8986
2319 -8972
2320 -8957
2321 -8941
2322 -8929
2323 -8912
2324 -8900
2325 -8889
2326 -8874
2327 -8859
2328 -8850
2329 -8835
2330 -8826
2331 -8816
2332 -8806
2333 -8796
2334 -8788
2335 -8782
2336 -8773
2337 -8767
2338 -8761
2339 -8756
2340 -8747
2341 -8748
2342 -8740
2343 -8736
2344 -8732
2345 -8731
2346 -8726
2347 -8722
2348 -8721
2349 -8723
2350 -8716
2351 -8718
2352 -8714
2353 -8713
2354 -8711
2355 -8708
2356 -8710
2357 -8705
2358 -8705
2359 -8703
2360 -8698
2361 -8702
2362 -8696
2363 -8692
2364 -8691
2365 -8689
2366 -8687
2367 -8683
2368 -8684
2369 -8679
2370 -8678
2371 -8673
2372 -8674
2373 -8670
2374 -8668
2375 -8666
2376 -8665
2377 -8664
2378 -8665
2379 -8661
2380 -8660
2381 -8662
2382 -8661
2383 -8660
2384 -8660
2385 -8661
2386 -8663
2387 -8667
2388 -8666
2389 -8672
2390 -8673
2391 -8675
2392 -8678
2393 -8684
2394 -8688
2395 -8691
2396 -8698
2397 -8701
2398 -8712
2399 -8714
2400 -8721
2401 -8728
2402 -8735
2403 -8740
2404 -8746
2405 -8754
2406 -8762
2407 -8765
2408 -8772
2409 -8779
2410 -8785
2411 -8789
2412 -8797
2413 -8802
2414 -8809
2415 -8814
2416 -8820
2417 -8823
2418 -8828
2419 -8833
2420 -8840
2421 -8842
2422 -8846
2423 -8849
2424 -8853
2425 -8857
2426 -8859
2427 -8863
2428 -8865
2429 -8866
2430 -8869
2431 -8872
2432 -8874
2433 -8877
2434 -8876
2435 -8877
2436 -8874
2437 -8874
2438 -8875
2439 -8873
2440 -8874
2441 -8867
2442 -8866
2443 -8860
2444 -8856
2445 -8853
2446 -8849
2447 -8846
2448 -8837
2449 -8829
2450 -8824
2451 -8814
2452 -8809
2453 -8798
2454 -8788
2455 -8779
2456 -8766
2457 -8758
2458 -8743
2459 -8734
2460 -8720
2461 -8710
2462 -8697
2463 -8685
2464 -8671
2465 -8656
2466 -8645
2467 -8633
2468 -8617
2469 -8609
2470 -8596
2471 -8584
2472 -8574
2473 -8563
2474 -8552
2475 -8542
2476 -8534
2477 -8527
2478 -8518
2479 -8513
2480 -8507
2481 -8503
2482 -8496
2483 -8495
2484 -8496
2485 -8495
2486 -8494
2487 -8497
2488 -8498
2489 -8506
2490 -8509
2491 -8514
2492 -8522
2493 -8527
2494 -8538
2495 -8545
2496 -8556
2497 -8566
2498 -8579
2499 -8591
2500 -8604
2501 -8613
2502 -8629
2503 -8642
2504 -8655
2505 -8666
2506 -8680
2507 -8695
2508 -8707
2509 -8721
2510 -8734
2511 -8743
2512 -8759
2513 -8766
2514 -8779
2515 -8786
2516 -8796
2517 -8801
2518 -8809
2519 -8815
2520 -8819
2521 -8824
2522 -8827
2523 -8830
2524 -8828
2525 -8827
2526 -8829
2527 -8828
2528 -8822
2529 -8816
2530 -8813
2531 -8806
2532 -8798
2533 -8787
2534 -8778
2535 -8768
2536 -8756
2537 -8746
2538 -8731
2539 -8715
2540 -8702
2541 -8688
2542 -8673
2543 -8658
2544 -8645
2545 -8625
2546 -8610
2547 -8594
2548 -8577
2549 -8557
2550 -8541
2551 -8526
2552 -8508
2553 -8493
2554 -8474
2555 -8459
2556 -8441
2557 -8426
2558 -8411
2559 -8394
2560 -8381
2561 -8366
2562 -8350
2563 -8339
2564 -8322
2565 -8311
2566 -8299
2567 -8287
2568 -8274
2569 -8263
2570 -8253
2571 -8244
2572 -8234
2573 -8223
2574 -8214
2575 -8207
2576 -8196
2577 -8189
2578 -8185
2579 -8174
2580 -8171
2581 -8167
2582 -8159
2583 -8153
2584 -8146
2585 -8144
2586 -8138
2587 -8134
2588 -8131
2589 -8128
2590 -8122
2591 -8118
2592 -8115
2593 -8113
2594 -8108
2595 -8103
2596 -8101
2597 -8097
2598 -8099
2599 -8093
2600 -8091
2601 -8089
2602 -8084
2603 -8082
2604 -8080
2605 -8078
2606 -8074
2607 -8067
2608 -8069
2609 -8065
2610 -8065
2611 -8057
2612 -8059
2613 -8052
2614 -8050
2615 -8045
2616 -8043
2617 -8038
2618 -8034
2619 -8034
2620 -8031
2621 -8024
2622 -8021
2623 -8019
2624 -8015
2625 -8011
2626 -8009
2627 -8004
2628 -8000
2629 -7997
2630 -7993
2631 -7987
2632 -7983
2633 -7977
2634 -7973
2635 -7968
2636 -7964
2637 -7960
2638 -7956
2639 -7947
2640 -7943
2641 -7933
2642 -7928
2643 -7919
2644 -7916
2645 -7905
2646 -7896
2647 -7888
2648 -7877
2649 -7867
2650 -7859
2651 -7850
2652 -7838
2653 -7828
2654 -7815
2655 -7802
2656 -7788
2657 -7775
2658 -7762
2659 -7747
2660 -7733
2661 -7719
2662 -7702
2663 -7689
2664 -7673
2665 -7658
2666 -7641
2667 -7627
2668 -7610
2669 -7593
2670 -7579
2671 -7560
2672 -7548
2673 -7533
2674 -7517
2675 -7502
2676 -7488
2677 -7476
2678 -7461
2679 -7451
2680 -7440
2681 -7430
2682 -7417
2683 -7410
2684 -7400
2685 -7396
2686 -7388
2687 -7382
2688 -7376
2689 -7376
2690 -7372
2691 -7370
2692 -7368
2693 -7369
2694 -7368
2695 -7369
2696 -7373
2697 -7379
2698 -7382
2699 -7388
2700 -7393
2701 -7398
2702 -7407
2703 -7416
2704 -7426
2705 -7435
2706 -7445
2707 -7452
2708 -7468
2709 -7476
2710 -7490
2711 -7503
2712 -7515
2713 -7525
2714 -7538
2715 -7553
2716 -7566
2717 -7578
2718 -7587
2719 -7602
2720 -7614
2721 -7628
2722 -7642
2723 -7650
2724 -7665
2725 -7674
2726 -7685
2727 -7693
2728 -7707
2729 -7718
2730 -7725
2731 -7734
2732 -7741
2733 -7755
2734 -7759
2735 -7766
2736 -7772
2737 -7778
2738 -7781
2739 -7790
2740 -7794
2741 -7798
2742 -7800
2743 -7807
2744 -7810
2745 -7812
2746 -7813
2747 -7818
2748 -7816
2749 -7819
2750 -7819
2751 -7820
2752 -7823
2753 -7825
2754 -7823
2755 -7822
2756 -7823
2757 -7824
2758 -7825
2759 -7824
2760 -7823
2761 -7824
2762 -7822
2763 -7824
2764 -7823
2765 -7825
2766 -7828
2767 -7824
2768 -7828
2769 -7828
2770 -7829
2771 -7832
2772 -7836
2773 -7834
2774 -7835
2775 -7839
2776 -7839
2777 -7842
2778 -7845
2779 -7844
2780 -7845
2781 -7847
2782 -7847
2783 -7853
2784 -7849
2785 -7851
2786 -7854
2787 -7854
2788 -7855
2789 -7851
2790 -7853
2791 -7848
2792 -7850
2793 -7844
2794 -7845
2795 -7837
2796 -7835
2797 -7832
2798 -7828
2799 -7819
2800 -7815
2801 -7806
2802 -7797
2803 -7790
2804 -7784
2805 -7775
2806 -7765
2807 -7754
2808 -7746
2809 -7734
2810 -7723
2811 -7709
2812 -7702
2813 -7687
2814 -7674
2815 -7661
2816 -7649
2817 -7636
2818 -7621
2819 -7604
2820 -7593
2821 -7577
2822 -7558
2823 -7546
2824 -7531
2825 -7513
2826 -7500
2827 -7481
2828 -7467
2829 -7448
2830 -7431
2831 -7416
2832 -7399
2833 -7382
2834 -7365
2835 -7349
2836 -7333
2837 -7319
2838 -7302
2839 -7284
2840 -7268
2841 -7254
2842 -7239
2843 -7221
2844 -7206
2845 -7194
2846 -7178
2847 -7168
2848 -7155
2849 -7142
2850 -7132
2851 -7119
2852 -7110
2853 -7102
2854 -7094
2855 -7086
2856 -7079
2857 -7075
2858 -7069
2859 -7066
2860 -7065
2861 -7064
2862 -7064
2863 -7067
2864 -7066
2865 -7073
2866 -7072
2867 -7079
2868 -7086
2869 -7092
2870 -7101
2871 -7110
2872 -7119
2873 -7135
2874 -7144
2875 -7154
2876 -7171
2877 -7182
2878 -7197
2879 -7215
2880 -7229
2881 -7244
2882 -7261
2883 -7278
2884 -7293
2885 -7312
2886 -7329
2887 -7342
2888 -7361
2889 -7377
2890 -7395
2891 -7409
2892 -7424
2893 -7441
2894 -7452
2895 -7466
2896 -7480
2897 -7494
2898 -7504
2899 -7517
2900 -7528
2901 -7537
2902 -7548
2903 -7556
2904 -7564
2905 -7572
2906 -7579
2907 -7584
2908 -7589
2909 -7591
2910 -7597
2911 -7600
2912 -7602
2913 -7604
2914 -7603
2915 -7603
2916 -7605
2917 -7604
2918 -7603
2919 -7601
2920 -7599
2921 -7598
2922 -7593
2923 -7587
2924 -7585
2925 -7582
2926 -7579
2927 -7576
2928 -7567
2929 -7561
2930 -7558
2931 -7553
2932 -7547
2933 -7541
2934 -7537
2935 -7531
2936 -7526
2937 -7522
2938 -7516
2939 -7512
2940 -7505
2941 -7503
2942 -7497
2943 -7492
2944 -7489
2945 -7483
2946 -7478
2947 -7477
2948 -7469
2949 -7467
2950 -7466
2951 -7461
2952 -7459
2953 -7453
2954 -7447
2955 -7448
2956 -7445
2957 -7443
2958 -7437
2959 -7436
2960 -7433
2961 -7428
2962 -7425
2963 -7421
2964 -7417
2965 -7414
2966 -7407
2967 -7402
2968 -7397
2969 -7390
2970 -7383
2971 -7377
2972 -7372
2973 -7361
2974 -7354
2975 -7345
2976 -7334
2977 -7321
2978 -7313
2979 -7301
2980 -7289
2981 -7275
2982 -7264
2983 -7246
2984 -7234
2985 -7217
2986 -7202
2987 -7188
2988 -7172
2989 -7154
2990 -7137
2991 -7122
2992 -7106
2993 -7089
2994 -7071
2995 -7051
2996 -7038
2997 -7022
2998 -7006
2999 -6991
3000 -6976
3001 -6962
3002 -6946
3003 -6936
3004 -6924
3005 -6912
3006 -6905
3007 -6894
3008 -6887
3009 -6884
3010 -6877
3011 -6874
3012 -6868
3013 -6869
3014 -6868
3015 -6867
3016 -6868
3017 -6874
3018 -6878
3019 -6883
3020 -6891
3021 -6899
3022 -6908
3023 -6917
3024 -6926
3025 -6937
3026 -6949
3027 -6962
3028 -6976
3029 -6987
3030 -7002
3031 -7016
3032 -7030
3033 -7042
3034 -7056
3035 -7068
3036 -7083
3037 -7096
3038 -7108
3039 -7122
3040 -7131
3041 -7143
3042 -7153
3043 -7163
3044 -7168
3045 -7175
3046 -7182
3047 -7191
3048 -7195
3049 -7198
3050 -7198
3051 -7198
3052 -7199
3053 -7199
3054 -7199
3055 -7192
3056 -7191
3057 -7189
3058 -7180
3059 -7177
3060 -7165
3061 -7160
3062 -7151
3063 -7140
3064 -7128
3065 -7118
3066 -7110
3067 -7099
3068 -7086
3069 -7075
3070 -7063
3071 -7051
3072 -7039
3073 -7028
3074 -7018
3075 -7004
3076 -6992
3077 -6982
3078 -6973
3079 -6964
3080 -6953
3081 -6947
3082 -6936
3083 -6931
3084 -6922
3085 -6919
3086 -6914
3087 -6908
3088 -6905
3089 -6902
3090 -6904
3091 -6903
3092 -6903
3093 -6903
3094 -6905
3095 -6905
3096 -6910
3097 -6916
3098 -6923
3099 -6931
3100 -6935
3101 -6946
3102 -6950
3103 -6960
3104 -6969
3105 -6979
3106 -6990
3107 -7001
3108 -7015
3109 -7027
3110 -7040
3111 -7055
3112 -7066
3113 -7079
3114 -7093
3115 -7102
3116 -7119
3117 -7132
3118 -7145
3119 -7159
3120 -7170
3121 -7184
3122 -7196
3123 -7205
3124 -7218
3125 -7229
3126 -7240
3127 -7248
3128 -7263
3129 -7267
3130 -7276
3131 -7281
3132 -7291
3133 -7296
3134 -7300
3135 -7304
3136 -7312
3137 -7311
3138 -7314
3139 -7317
3140 -7313
3141 -7316
3142 -7315
3143 -7310
3144 -7307
3145 -7307
3146 -7305
3147 -7300
3148 -7292
3149 -7291
3150 -7279
3151 -7275
3152 -7268
3153 -7260
3154 -7255
3155 -7246
3156 -7236
3157 -7230
3158 -7219
3159 -7209
3160 -7202
3161 -7192
3162 -7184
3163 -7174
3164 -7162
3165 -7157
3166 -7142
3167 -7135
3168 -7127
3169 -7117
3170 -7107
3171 -7096
3172 -7089
3173 -7083
3174 -7075
3175 -7067
3176 -7059
3177 -7053
3178 -7045
3179 -7036
3180 -7033
3181 -7025
3182 -7017
3183 -7018
3184 -7012
3185 -7006
3186 -7002
3187 -6997
3188 -6993
3189 -6993
3190 -6988
3191 -6985
3192 -6982
3193 -6981
3194 -6978
3195 -6978
3196 -6976
3197 -6979
3198 -6974
3199 -6976
3200 -6977
3201 -6977
3202 -6978
3203 -6979
3204 -6979
3205 -6981
3206 -6979
3207 -6982
3208 -6984
3209 -6989
3210 -6995
3211 -6994
3212 -7000
3213 -7004
3214 -7009
3215 -7012
3216 -7018
3217 -7021
3218 -7028
3219 -7034
3220 -7043
3221 -7049
3222 -7056
3223 -7068
3224 -7072
3225 -7081
3226 -7091
3227 -7102
3228 -7111
3229 -7123
3230 -7136
3231 -7148
3232 -7162
3233 -7173
3234 -7185
3235 -7201
3236 -7216
3237 -7230
3238 -7245
3239 -7262
3240 -7277
3241 -7295
3242 -7311
3243 -7326
3244 -7344
3245 -7361
3246 -7379
3247 -7398
3248 -7417
3249 -7436
3250 -7451
3251 -7469
3252 -7490
3253 -7508
3254 -7525
3255 -7547
3256 -7563
3257 -7582
3258 -7597
3259 -7616
3260 -7631
3261 -7651
3262 -7668
3263 -7681
3264 -7694
3265 -7710
3266 -7725
3267 -7740
3268 -7751
3269 -7764
3270 -7775
3271 -7784
3272 -7797
3273 -7805
3274 -7812
3275 -7824
3276 -7828
3277 -7835
3278 -7839
3279 -7842
3280 -7848
3281 -7850
3282 -7853
3283 -7856
3284 -7854
3285 -7859
3286 -7855
3287 -7855
3288 -7849
3289 -7849
3290 -7844
3291 -7840
3292 -7838
3293 -7833
3294 -7823
3295 -7816
3296 -7809
3297 -7801
3298 -7792
3299 -7783
3300 -7773
3301 -7766
3302 -7751
3303 -7745
3304 -7730
3305 -7718
3306 -7702
3307 -7691
3308 -7678
3309 -7663
3310 -7648
3311 -7635
3312 -7616
3313 -7598
3314 -7581
3315 -7568
3316 -7552
3317 -7534
3318 -7517
3319 -7500
3320 -7483
3321 -7464
3322 -7446
3323 -7429
3324 -7412
3325 -7391
3326 -7375
3327 -7361
3328 -7341
3329 -7323
3330 -7306
3331 -7288
3332 -7273
3333 -7258
3334 -7241
3335 -7228
3336 -7214
3337 -7200
3338 -7187
3339 -7173
3340 -7162
3341 -7153
3342 -7138
3343 -7132
3344 -7122
3345 -7112
3346 -7107
3347 -7101
3348 -7098
3349 -7096
3350 -7090
3351 -7089
3352 -7087
3353 -7089
3354 -7089
3355 -7093
3356 -7094
3357 -7097
3358 -7103
3359 -7109
3360 -7113
3361 -7122
3362 -7133
3363 -7144
3364 -7153
3365 -7159
3366 -7169
3367 -7183
3368 -7197
3369 -7210
3370 -7224
3371 -7235
3372 -7248
3373 -7266
3374 -7279
3375 -7293
3376 -7307
3377 -7323
3378 -7336
3379 -7350
3380 -7364
3381 -7381
3382 -7394
3383 -7408
3384 -7421
3385 -7435
3386 -7447
3387 -7463
3388 -7472
3389 -7483
3390 -7496
3391 -7507
3392 -7520
3393 -7529
3394 -7539
3395 -7549
3396 -7556
3397 -7564
3398 -7573
3399 -7580
3400 -7587
3401 -7591
3402 -7597
3403 -7603
3404 -7606
3405 -7607
3406 -7614
3407 -7619
3408 -7620
3409 -7623
3410 -7622
3411 -7622
3412 -7622
3413 -7622
3414 -7623
3415 -7622
3416 -7620
3417 -7618
3418 -7617
3419 -7612
3420 -7609
3421 -7604
3422 -7604
3423 -7598
3424 -7591
3425 -7585
3426 -7577
3427 -7570
3428 -7568
3429 -7555
3430 -7550
3431 -7538
3432 -7527
3433 -7514
3434 -7501
3435 -7485
3436 -7471
3437 -7453
3438 -7437
3439 -7416
3440 -7397
3441 -7374
3442 -7349
3443 -7321
3444 -7289
3445 -7258
3446 -7222
3447 -7188
3448 -7147
3449 -7103
3450 -7056
3451 -7004
3452 -6955
3453 -6898
3454 -6835
3455 -6769
3456 -6700
3457 -6628
3458 -6550
3459 -6470
3460 -6381
3461 -6287
3462 -6191
3463 -6088
3464 -5979
3465 -5868
3466 -5754
3467 -5630
3468 -5503
3469 -5373
3470 -5231
3471 -5089
3472 -4942
3473 -4789
3474 -4632
3475 -4469
3476 -4301
3477 -4132
3478 -3955
3479 -3776
3480 -3592
3481 -3404
3482 -3215
3483 -3023
3484 -2826
3485 -2629
3486 -2425
3487 -2223
3488 -2018
3489 -1813
3490 -1604
3491 -1401
3492 -1192
3493 -984
3494 -779
3495 -571
3496 -366
3497 -164
3498 36
3499 232
3500 426
3501 621
3502 813
3503 1004
3504 1184
3505 1367
3506 1546
3507 1719
3508 1888
3509 2054
3510 2214
3511 2369
3512 2518
3513 2663
3514 2804
3515 2933
3516 3064
3517 3189
3518 3305
3519 3419
3520 3527
3521 3629
3522 3727
3523 3821
3524 3904
3525 3990
3526 4066
3527 4138
3528 4203
3529 4265
3530 4323
3531 4377
3532 4429
3533 4470
3534 4512
3535 4550
3536 4579
3537 4608
3538 4634
3539 4656
3540 4675
3541 4691
3542 4705
3543 4717
3544 4725
3545 4728
3546 4731
3547 4734
3548 4733
3549 4730
3550 4728
3551 4718
3552 4711
3553 4702
3554 4692
3555 4681
3556 4672
3557 4660
3558 4641
3559 4622
3560 4610
3561 4593
3562 4575
3563 4559
3564 4537
3565 4519
3566 4500
3567 4478
3568 4457
3569 4435
3570 4415
3571 4393
3572 4366
3573 4342
3574 4316
3575 4290
3576 4264
3577 4236
3578 4208
3579 4174
3580 4146
3581 4114
3582 4077
3583 4043
3584 4004
3585 3967
3586 3926
3587 3885
3588 3839
3589 3795
3590 3745
3591 3696
3592 3646
3593 3591
3594 3538
3595 3481
3596 3421
3597 3362
3598 3296
3599 3237
3600 3168
3601 3100
3602 3033
3603 2962
3604 2891
3605 2815
3606 2743
3607 2665
3608 2585
3609 2506
3610 2426
3611 2346
3612 2262
3613 2181
3614 2098
3615 2014
3616 1926
3617 1843
3618 1758
3619 1676
3620 1592
3621 1504
3622 1421
3623 1338
3624 1255
3625 1170
3626 1087
3627 1006
3628 925
3629 842
3630 762
3631 685
3632 604
3633 532
3634 455
3635 382
3636 311
3637 239
3638 167
3639 97
3640 31
3641 -36
3642 -98
3643 -161
3644 -224
3645 -285
3646 -347
3647 -404
3648 -461
3649 -519
3650 -570
3651 -622
3652 -674
3653 -719
3654 -768
3655 -814
3656 -859
3657 -900
3658 -939
3659 -977
3660 -1011
3661 -1045
3662 -1079
3663 -1110
3664 -1134
3665 -1155
3666 -1178
3667 -1194
3668 -1210
3669 -1222
3670 -1228
3671 -1232
3672 -1236
3673 -1232
3674 -1223
3675 -1213
3676 -1194
3677 -1170
3678 -1145
3679 -1111
3680 -1075
3681 -1028
3682 -977
3683 -920
3684 -857
3685 -782
3686 -706
3687 -617
3688 -524
3689 -423
3690 -312
3691 -189
3692 -64
3693 71
3694 217
3695 369
3696 536
3697 715
3698 907
3699 1101
3700 1314
3701 1535
3702 1769
3703 2012
3704 2266
3705 2533
3706 2809
3707 3097
3708 3398
3709 3706
3710 4027
3711 4365
3712 4704
3713 5058
3714 5423
3715 5796
3716 6178
3717 6572
3718 6974
3719 7383
3720 7804
3721 8227
3722 8664
3723 9104
3724 9551
3725 10005
3726 10462
3727 10925
3728 11390
3729 11857
3730 12332
3731 12807
3732 13280
3733 13755
3734 14231
3735 14702
3736 15177
3737 15647
3738 16114
3739 16577
3740 17037
3741 17489
3742 17935
3743 18374
3744 18806
3745 19229
3746 19646
3747 20057
3748 20454
3749 20840
3750 21221
3751 21583
3752 21939
3753 22284
3754 22613
3755 22931
3756 23240
3757 23534
3758 23814
3759 24083
3760 24337
3761 24579
3762 24805
3763 25023
3764 25226
3765 25413
3766 25590
3767 25755
3768 25906
3769 26044
3770 26169
3771 26287
3772 26387
3773 26480
3774 26562
3775 26629
3776 26690
3777 26738
3778 26778
3779 26806
3780 26827
3781 26840
3782 26841
3783 26832
3784 26819
3785 26797
3786 26766
3787 26727
3788 26684
3789 26632
3790 26573
3791 26507
3792 26434
3793 26353
3794 26268
3795 26178
3796 26083
3797 25977
3798 25869
3799 25752
3800 25634
3801 25506
3802 25372
3803 25239
3804 25096
3805 24947
3806 24793
3807 24634
3808 24469
3809 24297
3810 24119
3811 23940
3812 23755
3813 23566
3814 23366
3815 23161
3816 22959
3817 22745
3818 22531
3819 22305
3820 22076
3821 21846
3822 21609
3823 21368
3824 21123
3825 20874
3826 20621
3827 20363
3828 20103
3829 19838
3830 19572
3831 19300
3832 19032
3833 18752
3834 18479
3835 18200
3836 17919
3837 17641
3838 17358
3839 17076
3840 16795
3841 16513
3842 16231
3843 15954
3844 15679
3845 15397
3846 15125
3847 14853
3848 14582
3849 14316
3850 14053
3851 13795
3852 13537
3853 13288
3854 13043
3855 12802
3856 12564
3857 12334
3858 12113
3859 11890
3860 11679
3861 11472
3862 11272
3863 11079
3864 10889
3865 10711
3866 10535
3867 10367
3868 10207
3869 10053
3870 9908
3871 9766
3872 9633
3873 9508
3874 9388
3875 9273
3876 9167
3877 9068
3878 8973
3879 8882
3880 8801
3881 8727
3882 8654
3883 8589
3884 8525
3885 8470
3886 8417
3887 8373
3888 8329
3889 8293
3890 8257
3891 8228
3892 8200
3893 8177
3894 8155
3895 8140
3896 8127
3897 8114
3898 8111
3899 8102
3900 8099
3901 8101
3902 8102
3903 8109
3904 8115
3905 8125
3906 8136
3907 8155
3908 8167
3909 8188
3910 8213
3911 8236
3912 8264
3913 8292
3914 8324
3915 8361
3916 8400
3917 8442
3918 8487
3919 8532
3920 8581
3921 8637
3922 8694
3923 8758
3924 8820
3925 8887
3926 8961
3927 9036
3928 9111
3929 9195
3930 9281
3931 9373
3932 9464
3933 9563
3934 9663
3935 9767
3936 9871
3937 9981
3938 10097
3939 10214
3940 10335
3941 10458
3942 10583
3943 10712
3944 10843
3945 10977
3946 11115
3947 11251
3948 11388
3949 11530
3950 11674
3951 11819
3952 11963
3953 12112
3954 12259
3955 12409
3956 12554
3957 12702
3958 12850
3959 12999
3960 13150
3961 13296
3962 13442
3963 13586
3964 13730
3965 13872
3966 14011
3967 14148
3968 14284
3969 14421
3970 14550
3971 14679
3972 14805
3973 14922
3974 15044
3975 15160
3976 15269
3977 15378
3978 15480
3979 15579
3980 15677
3981 15766
3982 15856
3983 15937
3984 16017
3985 16093
3986 16165
3987 16232
3988 16297
3989 16358
3990 16419
3991 16474
3992 16529
3993 16583
3994 16636
3995 16689
3996 16740
3997 16797
3998 16854
3999 16913
4000 16976
4001 17042
4002 17117
4003 17197
4004 17283
4005 17384
4006 17491
4007 17614
4008 17749
4009 17897
4010 18063
4011 18244
4012 18448
4013 18670
4014 18914
4015 19186
4016 19477
4017 19799
4018 20147
4019 20526
4020 20935
4021 21376
4022 21853
4023 22359
4024 22907
4025 23489
4026 24109
4027 24769
4028 25466
4029 26204
4030 26980
4031 27799
4032 28657
4033 29559
4034 30499
4035 31484
4036 32500
4037 33560
4038 34659
4039 35793
4040 36967
4041 38174
4042 39412
4043 40682
4044 41983
4045 43309
4046 44666
4047 46039
4048 47439
4049 48855
4050 50286
4051 51730
4052 53184
4053 54645
4054 56108
4055 57577
4056 59036
4057 60496
4058 61946
4059 63383
4060 64805
4061 66208
4062 67591
4063 68950
4064 70281
4065 71584
4066 72854
4067 74084
4068 75283
4069 76439
4070 77555
4071 78621
4072 79649
4073 80623
4074 81549
4075 82423
4076 83248
4077 84019
4078 84736
4079 85398
4080 86006
4081 86563
4082 87060
4083 87500
4084 87892
4085 88226
4086 88506
4087 88735
4088 88914
4089 89039
4090 89115
4091 89141
4092 89123
4093 89059
4094 88948
4095 88800
4096 88608
4097 88379
4098 88112
4099 87810
4100 87474
4101 87110
4102 86716
4103 86294
4104 85846
4105 85377
4106 84887
4107 84377
4108 83844
4109 83304
4110 82744
4111 82173
4112 81591
4113 81002
4114 80405
4115 79799
4116 79190
4117 78581
4118 77964
4119 77349
4120 76734
4121 76119
4122 75504
4123 74894
4124 74290
4125 73686
4126 73085
4127 72495
4128 71903
4129 71322
4130 70746
4131 70177
4132 69616
4133 69056
4134 68504
4135 67962
4136 67424
4137 66895
4138 66369
4139 65849
4140 65340
4141 64829
4142 64330
4143 63833
4144 63343
4145 62858
4146 62375
4147 61897
4148 61427
4149 60959
4150 60490
4151 60027
4152 59568
4153 59111
4154 58657
4155 58208
4156 57755
4157 57308
4158 56860
4159 56419
4160 55974
4161 55531
4162 55092
4163 54651
4164 54215
4165 53774
4166 53337
4167 52899
4168 52462
4169 52028
4170 51592
4171 51155
4172 50721
4173 50287
4174 49854
4175 49420
4176 48984
4177 48550
4178 48117
4179 47686
4180 47250
4181 46819
4182 46386
4183 45954
4184 45520
4185 45088
4186 44662
4187 44230
4188 43800
4189 43374
4190 42945
4191 42519
4192 42095
4193 41673
4194 41248
4195 40832
4196 40411
4197 39996
4198 39583
4199 39169
4200 38762
4201 38357
4202 37955
4203 37556
4204 37161
4205 36769
4206 36383
4207 35998
4208 35615
4209 35243
4210 34870
4211 34507
4212 34146
4213 33790
4214 33439
4215 33092
4216 32751
4217 32415
4218 32082
4219 31759
4220 31440
4221 31125
4222 30813
4223 30507
4224 30206
4225 29909
4226 29620
4227 29334
4228 29051
4229 28776
4230 28503
4231 28233
4232 27968
4233 27704
4234 27447
4235 27196
4236 26944
4237 26698
4238 26452
4239 26210
4240 25970
4241 25734
4242 25500
4243 25271
4244 25043
4245 24815
4246 24590
4247 24366
4248 24143
4249 23929
4250 23706
4251 23494
4252 23279
4253 23070
4254 22857
4255 22651
4256 22442
4257 22237
4258 22033
4259 21829
4260 21630
4261 21428
4262 21234
4263 21034
4264 20843
4265 20648
4266 20454
4267 20264
4268 20073
4269 19886
4270 19702
4271 19515
4272 19332
4273 19147
4274 18964
4275 18782
4276 18603
4277 18425
4278 18248
4279 18068
4280 17895
4281 17719
4282 17544
4283 17369
4284 17195
4285 17023
4286 16849
4287 16677
4288 16501
4289 16330
4290 16161
4291 15989
4292 15819
4293 15647
4294 15476
4295 15306
4296 15137
4297 14966
4298 14797
4299 14626
4300 14462
4301 14291
4302 14126
4303 13961
4304 13793
4305 13631
4306 13468
4307 13305
4308 13147
4309 12989
4310 12836
4311 12683
4312 12535
4313 12388
4314 12242
4315 12104
4316 11961
4317 11829
4318 11698
4319 11571
4320 11449
4321 11330
4322 11218
4323 11108
4324 11002
4325 10902
4326 10809
4327 10717
4328 10633
4329 10551
4330 10475
4331 10404
4332 10341
4333 10279
4334 10226
4335 10176
4336 10129
4337 10091
4338 10054
4339 10023
4340 9995
4341 9973
4342 9954
4343 9941
4344 9929
4345 9924
4346 9921
4347 9918
4348 9920
4349 9922
4350 9930
4351 9938
4352 9950
4353 9960
4354 9976
4355 9988
4356 10004
4357 10019
4358 10035
4359 10050
4360 10067
4361 10080
4362 10096
4363 10112
4364 10124
4365 10136
4366 10144
4367 10154
4368 10161
4369 10167
4370 10170
4371 10170
4372 10170
4373 10163
4374 10161
4375 10151
4376 10142
4377 10129
4378 10113
4379 10096
4380 10079
4381 10054
4382 10028
4383 9998
4384 9969
4385 9936
4386 9900
4387 9865
4388 9825
4389 9784
4390 9742
4391 9696
4392 9647
4393 9600
4394 9549
4395 9494
4396 9440
4397 9382
4398 9326
4399 9268
4400 9205
4401 9148
4402 9081
4403 9022
4404 8957
4405 8890
4406 8827
4407 8758
4408 8694
4409 8625
4410 8556
4411 8485
4412 8419
4413 8349
4414 8281
4415 8213
4416 8146
4417 8076
4418 8008
4419 7941
4420 7873
4421 7809
4422 7741
4423 7680
4424 7615
4425 7552
4426 7491
4427 7429
4428 7372
4429 7310
4430 7254
4431 7199
4432 7146
4433 7091
4434 7039
4435 6985
4436 6937
4437 6887
4438 6841
4439 6795
4440 6748
4441 6703
4442 6663
4443 6615
4444 6574
4445 6532
4446 6491
4447 6449
4448 6409
4449 6367
4450 6327
4451 6287
4452 6244
4453 6204
4454 6159
4455 6116
4456 6071
4457 6028
4458 5985
4459 5937
4460 5890
4461 5840
4462 5788
4463 5737
4464 5683
4465 5630
4466 5574
4467 5515
4468 5457
4469 5392
4470 5326
4471 5267
4472 5200
4473 5133
4474 5061
4475 4991
4476 4916
4477 4842
4478 4765
4479 4688
4480 4609
4481 4529
4482 4449
4483 4366
4484 4283
4485 4198
4486 4115
4487 4030
4488 3942
4489 3857
4490 3771
4491 3685
4492 3595
4493 3509
4494 3420
4495 3336
4496 3245
4497 3161
4498 3073
4499 2987
4500 2901
4501 2815
4502 2732
4503 2648
4504 2566
4505 2487
4506 2408
4507 2325
4508 2252
4509 2176
4510 2099
4511 2023
4512 1949
4513 1877
4514 1805
4515 1736
4516 1670
4517 1602
4518 1539
4519 1476
4520 1413
4521 1349
4522 1288
4523 1229
4524 1171
4525 1115
4526 1056
4527 1000
4528 944
4529 892
4530 837
4531 782
4532 729
4533 678
4534 622
4535 573
4536 515
4537 465
4538 412
4539 358
4540 301
4541 249
4542 191
4543 138
4544 83
4545 25
4546 -33
4547 -95
4548 -154
4549 -218
4550 -279
4551 -345
4552 -410
4553 -477
4554 -542
4555 -610
4556 -680
4557 -752
4558 -822
4559 -897
4560 -972
4561 -1044
4562 -1117
4563 -1194
4564 -1269
4565 -1346
4566 -1421
4567 -1499
4568 -1578
4569 -1654
4570 -1731
4571 -1811
4572 -1887
4573 -1962
4574 -2037
4575 -2113
4576 -2189
4577 -2264
4578 -2338
4579 -2406
4580 -2478
4581 -2549
4582 -2618
4583 -2683
4584 -2749
4585 -2811
4586 -2876
4587 -2935
4588 -2994
4589 -3050
4590 -3105
4591 -3160
4592 -3214
4593 -3262
4594 -3310
4595 -3358
4596 -3404
4597 -3447
4598 -3486
4599 -3525
4600 -3562
4601 -3600
4602 -3635
4603 -3668
4604 -3698
4605 -3729
4606 -3759
4607 -3782
4608 -3810
4609 -3834
4610 -3858
4611 -3879
4612 -3900
4613 -3920
4614 -3937
4615 -3955
4616 -3974
4617 -3987
4618 -4005
4619 -4020
4620 -4034
4621 -4046
4622 -4061
4623 -4076
4624 -4089
4625 -4100
4626 -4114
4627 -4126
4628 -4137
4629 -4151
4630 -4166
4631 -4175
4632 -4187
4633 -4201
4634 -4216
4635 -4230
4636 -4239
4637 -4252
4638 -4268
4639 -4284
4640 -4297
4641 -4310
4642 -4325
4643 -4335
4644 -4356
4645 -4367
4646 -4382
4647 -4395
4648 -4409
4649 -4421
4650 -4435
4651 -4449
4652 -4461
4653 -4474
4654 -4486
4655 -4499
4656 -4511
4657 -4520
4658 -4530
4659 -4541
4660 -4549
4661 -4558
4662 -4565
4663 -4571
4664 -4576
4665 -4581
4666 -4586
4667 -4589
4668 -4589
4669 -4589
4670 -4591
4671 -4592
4672 -4589
4673 -4586
4674 -4583
4675 -4580
4676 -4575
4677 -4572
4678 -4564
4679 -4560
4680 -4554
4681 -4549
4682 -4539
4683 -4534
4684 -4525
4685 -4513
4686 -4508
4687 -4497
4688 -4491
4689 -4482
4690 -4475
4691 -4466
4692 -4458
4693 -4448
4694 -4441
4695 -4435
4696 -4429
4697 -4424
4698 -4417
4699 -4413
4700 -4410
4701 -4405
4702 -4403
4703 -4405
4704 -4402
4705 -4401
4706 -4402
4707 -4402
4708 -4404
4709 -4409
4710 -4412
4711 -4418
4712 -4426
4713 -4436
4714 -4442
4715 -4453
4716 -4461
4717 -4474
4718 -4486
4719 -4502
4720 -4518
4721 -4530
4722 -4551
4723 -4569
4724 -4587
4725 -4604
4726 -4626
4727 -4646
4728 -4668
4729 -4690
4730 -4712
4731 -4734
4732 -4757
4733 -4782
4734 -4806
4735 -4832
4736 -4854
4737 -4877
4738 -4908
4739 -4930
4740 -4956
4741 -4981
4742 -5007
4743 -5028
4744 -5052
4745 -5076
4746 -5101
4747 -5123
4748 -5150
4749 -5173
4750 -5195
4751 -5216
4752 -5238
4753 -5256
4754 -5279
4755 -5298
4756 -5317
4757 -5334
4758 -5353
4759 -5371
4760 -5388
4761 -5402
4762 -5418
4763 -5434
4764 -5447
4765 -5458
4766 -5470
4767 -5484
4768 -5496
4769 -5507
4770 -5514
4771 -5526
4772 -5533
4773 -5542
4774 -5548
4775 -5555
4776 -5562
4777 -5566
4778 -5567
4779 -5574
4780 -5576
4781 -5578
4782 -5580
4783 -5580
4784 -5580
4785 -5582
4786 -5579
4787 -5578
4788 -5576
4789 -5573
4790 -5569
4791 -5565
4792 -5562
4793 -5553
4794 -5548
4795 -5544
4796 -5537
4797 -5532
4798 -5522
4799 -5514
4800 -5508
4801 -5499
4802 -5489
4803 -5480
4804 -5475
4805 -5464
4806 -5456
4807 -5448
4808 -5440
4809 -5430
4810 -5422
4811 -5412
4812 -5408
4813 -5397
4814 -5389
4815 -5380
4816 -5376
4817 -5366
4818 -5360
4819 -5356
4820 -5349
4821 -5342
4822 -5336
4823 -5327
4824 -5321
4825 -5317
4826 -5314
4827 -5307
4828 -5302
4829 -5299
4830 -5293
4831 -5290
4832 -5284
4833 -5279
4834 -5277
4835 -5276
4836 -5270
4837 -5268
4838 -5266
4839 -5263
4840 -5261
4841 -5257
4842 -5255
4843 -5253
4844 -5250
4845 -5251
4846 -5247
4847 -5244
4848 -5244
4849 -5244
4850 -5243
4851 -5247
4852 -5244
4853 -5244
4854 -5246
4855 -5247
4856 -5247
4857 -5253
4858 -5253
4859 -5260
4860 -5260
4861 -5266
4862 -5272
4863 -5273
4864 -5280
4865 -5286
4866 -5291
4867 -5301
4868 -5306
4869 -5316
4870 -5325
4871 -5330
4872 -5340
4873 -5350
4874 -5360
4875 -5371
4876 -5380
4877 -5393
4878 -5403
4879 -5413
4880 -5425
4881 -5438
4882 -5447
4883 -5459
4884 -5470
4885 -5479
4886 -5492
4887 -5505
4888 -5517
4889 -5526
4890 -5538
4891 -5548
4892 -5560
4893 -5569
4894 -5579
4895 -5590
4896 -5599
4897 -5605
4898 -5615
4899 -5625
4900 -5630
4901 -5638
4902 -5646
4903 -5652
4904 -5662
4905 -5666
4906 -5674
4907 -5674
4908 -5682
4909 -5687
4910 -5689
4911 -5697
4912 -5699
4913 -5700
4914 -5705
4915 -5708
4916 -5711
4917 -5710
4918 -5715
4919 -5717
4920 -5718
4921 -5721
4922 -5723
4923 -5723
4924 -5724
4925 -5727
4926 -5727
4927 -5726
4928 -5728
4929 -5729
4930 -5729
4931 -5729
4932 -5731
4933 -5731
4934 -5733
4935 -5732
4936 -5734
4937 -5735
4938 -5736
4939 -5736
4940 -5737
4941 -5737
4942 -5739
4943 -5742
4944 -5742
4945 -5742
4946 -5744
4947 -5749
4948 -5746
4949 -5750
4950 -5749
4951 -5752
4952 -5755
4953 -5756
4954 -5758
4955 -5761
4956 -5761
4957 -5768
4958 -5769
4959 -5770
4960 -5772
4961 -5779
4962 -5777
4963 -5786
4964 -5784
4965 -5784
4966 -5787
4967 -5790
4968 -5793
4969 -5795
4970 -5793
4971 -5796
4972 -5797
4973 -5800
4974 -5797
4975 -5798
4976 -5795
4977 -5799
4978 -5791
4979 -5789
4980 -5788
4981 -5785
4982 -5781
4983 -5773
4984 -5765
4985 -5758
4986 -5749
4987 -5743
4988 -5734
4989 -5723
4990 -5714
4991 -5701
4992 -5684
4993 -5674
4994 -5658
4995 -5641
4996 -5630
4997 -5611
4998 -5592
4999 -5575
5000 -5558
5001 -5539
5002 -5522
5003 -5504
5004 -5485
5005 -5466
5006 -5449
5007 -5431
5008 -5414
5009 -5396
5010 -5381
5011 -5362
5012 -5349
5013 -5332
5014 -5321
5015 -5307
5016 -5296
5017 -5287
5018 -5275
5019 -5271
5020 -5265
5021 -5256
5022 -5251
5023 -5250
5024 -5255
5025 -5250
5026 -5253
5027 -5260
5028 -5262
5029 -5268
5030 -5277
5031 -5284
5032 -5296
5033 -5306
5034 -5319
5035 -5330
5036 -5345
5037 -5360
5038 -5374
5039 -5393
5040 -5408
5041 -5424
5042 -5442
5043 -5460
5044 -5476
5045 -5497
5046 -5514
5047 -5530
5048 -5547
5049 -5563
5050 -5579
5051 -5595
5052 -5610
5053 -5623
5054 -5635
5055 -5645
5056 -5657
5057 -5665
5058 -5671
5059 -5680
5060 -5691
5061 -5690
5062 -5693
5063 -5695
5064 -5696
5065 -5693
5066 -5694
5067 -5693
5068 -5685
5069 -5678
5070 -5674
5071 -5661
5072 -5652
5073 -5640
5074 -5624
5075 -5614
5076 -5599
5077 -5583
5078 -5566
5079 -5549
5080 -5529
5081 -5511
5082 -5495
5083 -5474
5084 -5454
5085 -5435
5086 -5412
5087 -5389
5088 -5370
5089 -5349
5090 -5329
5091 -5308
5092 -5289
5093 -5272
5094 -5255
5095 -5233
5096 -5215
5097 -5200
5098 -5184
5099 -5173
5100 -5157
5101 -5146
5102 -5135
5103 -5125
5104 -5118
5105 -5112
5106 -5107
5107 -5103
5108 -5100
5109 -5101
5110 -5102
5111 -5104
5112 -5106
5113 -5115
5114 -5117
5115 -5127
5116 -5136
5117 -5147
5118 -5160
5119 -5175
5120 -5188
5121 -5201
5122 -5217
5123 -5237
5124 -5252
5125 -5270
5126 -5288
5127 -5310
5128 -5329
5129 -5353
5130 -5371
5131 -5390
5132 -5411
5133 -5433
5134 -5451
5135 -5467
5136 -5488
5137 -5507
5138 -5521
5139 -5537
5140 -5559
5141 -5572
5142 -5586
5143 -5600
5144 -5612
5145 -5623
5146 -5632
5147 -5645
5148 -5652
5149 -5661
5150 -5663
5151 -5670
5152 -5672
5153 -5678
5154 -5680
5155 -5680
5156 -5683
5157 -5683
5158 -5680
5159 -5680
5160 -5682
5161 -5678
5162 -5677
5163 -5675
5164 -5671
5165 -5668
5166 -5667
5167 -5664
5168 -5660
5169 -5657
5170 -5655
5171 -5652
5172 -5653
5173 -5655
5174 -5652
5175 -5655
5176 -5657
5177 -5657
5178 -5663
5179 -5668
5180 -5670
5181 -5675
5182 -5682
5183 -5691
5184 -5702
5185 -5710
5186 -5722
5187 -5735
5188 -5743
5189 -5757
5190 -5773
5191 -5790
5192 -5803
5193 -5819
5194 -5839
5195 -5857
5196 -5875
5197 -5893
5198 -5916
5199 -5934
5200 -5955
5201 -5975
5202 -5995
5203 -6019
5204 -6042
5205 -6064
5206 -6081
5207 -6108
5208 -6130
5209 -6153
5210 -6175
5211 -6195
5212 -6218
5213 -6239
5214 -6263
5215 -6283
5216 -6305
5217 -6329
5218 -6352
5219 -6375
5220 -6395
5221 -6414
5222 -6439
5223 -6461
5224 -6478
5225 -6501
5226 -6524
5227 -6544
5228 -6566
5229 -6586
5230 -6607
5231 -6626
5232 -6647
5233 -6670
5234 -6690
5235 -6711
5236 -6731
5237 -6757
5238 -6773
5239 -6795
5240 -6819
5241 -6839
5242 -6857
5243 -6882
5244 -6901
5245 -6925
5246 -6944
5247 -6966
5248 -6987
5249 -7006
5250 -7029
5251 -7047
5252 -7069
5253 -7089
5254 -7111
5255 -7129
5256 -7152
5257 -7169
5258 -7190
5259 -7208
5260 -7227
5261 -7246
5262 -7262
5263 -7282
5264 -7298
5265 -7317
5266 -7331
5267 -7348
5268 -7363
5269 -7377
5270 -7392
5271 -7404
5272 -7418
5273 -7431
5274 -7443
5275 -7453
5276 -7464
5277 -7476
5278 -7486
5279 -7494
5280 -7505
5281 -7512
5282 -7520
5283 -7527
5284 -7533
5285 -7539
5286 -7545
5287 -7550
5288 -7552
5289 -7558
5290 -7562
5291 -7564
5292 -7566
5293 -7573
5294 -7575
5295 -7575
5296 -7577
5297 -7579
5298 -7580
5299 -7583
5300 -7583
5301 -7587
5302 -7588
5303 -7588
5304 -7588
5305 -7590
5306 -7592
5307 -7595
5308 -7593
5309 -7596
5310 -7596
5311 -7598
5312 -7598
5313 -7600
5314 -7601
5315 -7602
5316 -7605
5317 -7608
5318 -7608
5319 -7612
5320 -7611
5321 -7610
5322 -7612
5323 -7612
5324 -7611
5325 -7611
5326 -7611
5327 -7613
5328 -7614
5329 -7610
5330 -7607
5331 -7606
5332 -7600
5333 -7599
5334 -7593
5335 -7589
5336 -7585
5337 -7576
5338 -7569
5339 -7560
5340 -7551
5341 -7541
5342 -7528
5343 -7513
5344 -7500
5345 -7490
5346 -7472
5347 -7457
5348 -7440
5349 -7422
5350 -7401
5351 -7385
5352 -7364
5353 -7342
5354 -7321
5355 -7297
5356 -7275
5357 -7251
5358 -7224
5359 -7199
5360 -7175
5361 -7143
5362 -7117
5363 -7090
5364 -7063
5365 -7034
5366 -7008
5367 -6978
5368 -6950
5369 -6921
5370 -6895
5371 -6865
5372 -6839
5373 -6812
5374 -6784
5375 -6758
5376 -6732
5377 -6710
5378 -6686
5379 -6664
5380 -6643
5381 -6619
5382 -6598
5383 -6582
5384 -6563
5385 -6547
5386 -6532
5387 -6518
5388 -6509
5389 -6499
5390 -6488
5391 -6482
5392 -6473
5393 -6470
5394 -6466
5395 -6466
5396 -6462
5397 -6469
5398 -6468
5399 -6473
5400 -6478
5401 -6483
5402 -6489
5403 -6497
5404 -6505
5405 -6515
5406 -6527
5407 -6537
5408 -6551
5409 -6560
5410 -6572
5411 -6584
5412 -6597
5413 -6608
5414 -6621
5415 -6633
5416 -6642
5417 -6654
5418 -6665
5419 -6676
5420 -6683
5421 -6691
5422 -6704
5423 -6707
5424 -6712
5425 -6716
5426 -6723
5427 -6724
5428 -6728
5429 -6729
5430 -6730
5431 -6729
5432 -6726
5433 -6723
5434 -6719
5435 -6717
5436 -6712
5437 -6706
5438 -6700
5439 -6695
5440 -6684
5441 -6677
5442 -6669
5443 -6662
5444 -6654
5445 -6642
5446 -6637
5447 -6629
5448 -6619
5449 -6607
5450 -6604
5451 -6592
5452 -6590
5453 -6584
5454 -6576
5455 -6571
5456 -6564
5457 -6564
5458 -6559
5459 -6560
5460 -6555
5461 -6558
5462 -6557
5463 -6560
5464 -6560
5465 -6562
5466 -6565
5467 -6570
5468 -6576
5469 -6583
5470 -6589
5471 -6595
5472 -6605
5473 -6612
5474 -6621
5475 -6629
5476 -6633
5477 -6643
5478 -6649
5479 -6660
5480 -6668
5481 -6676
5482 -6684
5483 -6688
5484 -6694
5485 -6699
5486 -6708
5487 -6711
5488 -6714
5489 -6715
5490 -6720
5491 -6719
5492 -6716
5493 -6715
5494 -6711
5495 -6707
5496 -6703
5497 -6692
5498 -6687
5499 -6677
5500 -6667
5501 -6656
5502 -6641
5503 -6628
5504 -6613
5505 -6599
5506 -6579
5507 -6562
5508 -6543
5509 -6521
5510 -6505
5511 -6480
5512 -6461
5513 -6438
5514 -6413
5515 -6395
5516 -6367
5517 -6342
5518 -6321
5519 -6295
5520 -6274
5521 -6251
5522 -6227
5523 -6205
5524 -6182
5525 -6164
5526 -6142
5527 -6122
5528 -6100
5529 -6082
5530 -6066
5531 -6046
5532 -6032
5533 -6017
5534 -6006
5535 -5990
5536 -5984
5537 -5970
5538 -5962
5539 -5956
5540 -5951
5541 -5946
5542 -5947
5543 -5945
5544 -5946
5545 -5949
5546 -5954
5547 -5960
5548 -5968
5549 -5978
5550 -5987
5551 -5999
5552 -6008
5553 -6029
5554 -6043
5555 -6058
5556 -6081
5557 -6098
5558 -6121
5559 -6144
5560 -6166
5561 -6189
5562 -6215
5563 -6243
5564 -6268
5565 -6298
5566 -6326
5567 -6355
5568 -6381
5569 -6410
5570 -6441
5571 -6468
5572 -6497
5573 -6526
5574 -6555
5575 -6581
5576 -6609
5577 -6637
5578 -6666
5579 -6691
5580 -6718
5581 -6743
5582 -6764
5583 -6791
5584 -6814
5585 -6832
5586 -6854
5587 -6870
5588 -6888
5589 -6905
5590 -6922
5591 -6937
5592 -6952
5593 -6964
5594 -6973
5595 -6982
5596 -6992
5597 -7001
5598 -7008
5599 -7010
5600 -7017
5601 -7017
5602 -7021
5603 -7020
5604 -7020
5605 -7018
5606 -7017
5607 -7013
5608 -7008
5609 -7003
5610 -6993
5611 -6987
5612 -6981
5613 -6972
5614 -6961
5615 -6953
5616 -6943
5617 -6928
5618 -6919
5619 -6907
5620 -6894
5621 -6884
5622 -6869
5623 -6860
5624 -6846
5625 -6836
5626 -6823
5627 -6811
5628 -6800
5629 -6788
5630 -6779
5631 -6771
5632 -6763
5633 -6751
5634 -6747
5635 -6739
5636 -6735
5637 -6731
5638 -6725
5639 -6724
5640 -6724
5641 -6724
5642 -6724
5643 -6728
5644 -6735
5645 -6735
5646 -6745
5647 -6746
5648 -6756
5649 -6765
5650 -6778
5651 -6791
5652 -6803
5653 -6815
5654 -6829
5655 -6848
5656 -6859
5657 -6877
5658 -6893
5659 -6911
5660 -6929
5661 -6947
5662 -6966
5663 -6982
5664 -7000
5665 -7017
5666 -7037
5667 -7056
5668 -7073
5669 -7090
5670 -7104
5671 -7122
5672 -7138
5673 -7151
5674 -7168
5675 -7179
5676 -7195
5677 -7207
5678 -7218
5679 -7229
5680 -7236
5681 -7246
5682 -7254
5683 -7261
5684 -7272
5685 -7276
5686 -7285
5687 -7287
5688 -7293
5689 -7296
5690 -7301
5691 -7303
5692 -7306
5693 -7310
5694 -7312
5695 -7315
5696 -7312
5697 -7315
5698 -7315
5699 -7316
5700 -7317
5701 -7315
5702 -7317
5703 -7318
5704 -7317
5705 -7318
5706 -7318
5707 -7317
5708 -7318
5709 -7318
5710 -7313
5711 -7314
5712 -7312
5713 -7313
5714 -7310
5715 -7312
5716 -7310
5717 -7309
5718 -7306
5719 -7303
5720 -7300
5721 -7297
5722 -7293
5723 -7294
5724 -7288
5725 -7286
5726 -7278
5727 -7270
5728 -7269
5729 -7262
5730 -7255
5731 -7251
5732 -7242
5733 -7233
5734 -7225
5735 -7218
5736 -7206
5737 -7196
5738 -7188
5739 -7178
5740 -7166
5741 -7156
5742 -7142
5743 -7129
5744 -7120
5745 -7105
5746 -7090
5747 -7077
5748 -7065
5749 -7050
5750 -7034
5751 -7023
5752 -7005
5753 -6990
5754 -6976
5755 -6958
5756 -6944
5757 -6928
5758 -6909
5759 -6898
5760 -6881
5761 -6865
5762 -6852
5763 -6836
5764 -6822
5765 -6806
5766 -6794
5767 -6774
5768 -6762
5769 -6746
5770 -6732
5771 -6723
5772 -6710
5773 -6697
5774 -6685
5775 -6676
5776 -6662
5777 -6652
5778 -6641
5779 -6635
5780 -6626
5781 -6617
5782 -6610
5783 -6604
5784 -6597
5785 -6588
5786 -6586
5787 -6579
5788 -6576
5789 -6570
5790 -6568
5791 -6564
5792 -6558
5793 -6557
5794 -6554
5795 -6554
5796 -6553
5797 -6551
5798 -6549
5799 -6548
5800 -6545
5801 -6542
5802 -6541
5803 -6541
5804 -6538
5805 -6538
5806 -6537
5807 -6535
5808 -6534
5809 -6531
5810 -6531
5811 -6530
5812 -6528
5813 -6526
5814 -6526
5815 -6524
5816 -6522
5817 -6519
5818 -6518
5819 -6519
5820 -6518
5821 -6517
5822 -6517
5823 -6513
5824 -6514
5825 -6515
5826 -6515
5827 -6518
5828 -6522
5829 -6522
5830 -6525
5831 -6529
5832 -6532
5833 -6537
5834 -6543
5835 -6551
5836 -6557
5837 -6569
5838 -6577
5839 -6587
5840 -6597
5841 -6609
5842 -6620
5843 -6632
5844 -6646
5845 -6663
5846 -6679
5847 -6696
5848 -6713
5849 -6727
5850 -6745
5851 -6765
5852 -6783
5853 -6801
5854 -6822
5855 -6842
5856 -6860
5857 -6881
5858 -6901
5859 -6921
5860 -6943
5861 -6961
5862 -6976
5863 -6996
5864 -7020
5865 -7034
5866 -7050
5867 -7070
5868 -7084
5869 -7100
5870 -7115
5871 -7130
5872 -7141
5873 -7155
5874 -7164
5875 -7176
5876 -7185
5877 -7192
5878 -7201
5879 -7208
5880 -7213
5881 -7218
5882 -7221
5883 -7226
5884 -7225
5885 -7228
5886 -7228
5887 -7226
5888 -7222
5889 -7218
5890 -7213
5891 -7207
5892 -7205
5893 -7196
5894 -7188
5895 -7180
5896 -7170
5897 -7161
5898 -7149
5899 -7139
5900 -7128
5901 -7115
5902 -7105
5903 -7094
5904 -7079
5905 -7067
5906 -7057
5907 -7040
5908 -7029
5909 -7015
5910 -7002
5911 -6991
5912 -6976
5913 -6966
5914 -6954
5915 -6944
5916 -6933
5917 -6922
5918 -6912
5919 -6899
5920 -6890
5921 -6880
5922 -6873
5923 -6862
5924 -6858
5925 -6846
5926 -6842
5927 -6833
5928 -6825
5929 -6820
5930 -6813
5931 -6810
5932 -6799
5933 -6795
5934 -6789
5935 -6786
5936 -6779
5937 -6775
5938 -6766
5939 -6762
5940 -6753
5941 -6748
5942 -6741
5943 -6731
5944 -6727
5945 -6718
5946 -6708
5947 -6700
5948 -6689
5949 -6680
5950 -6669
5951 -6659
5952 -6646
5953 -6634
5954 -6621
5955 -6608
5956 -6593
5957 -6580
5958 -6566
5959 -6550
5960 -6536
5961 -6521
5962 -6506
5963 -6489
5964 -6471
5965 -6459
5966 -6441
5967 -6425
5968 -6410
5969 -6392
5970 -6378
5971 -6360
5972 -6345
5973 -6333
5974 -6316
5975 -6299
5976 -6283
5977 -6270
5978 -6258
5979 -6244
5980 -6231
5981 -6215
5982 -6205
5983 -6192
5984 -6180
5985 -6168
5986 -6158
5987 -6151
5988 -6143
5989 -6134
5990 -6127
5991 -6119
5992 -6110
5993 -6102
5994 -6097
5995 -6091
5996 -6084
5997 -6079
5998 -6076
5999 -6072
6000 -6068
6001 -6062
6002 -6059
6003 -6055
6004 -6053
6005 -6049
6006 -6047
6007 -6043
6008 -6043
6009 -6041
6010 -6040
6011 -6037
6012 -6032
6013 -6030
6014 -6030
6015 -6026
6016 -6028
6017 -6024
6018 -6023
6019 -6018
6020 -6017
6021 -6016
6022 -6016
6023 -6013
6024 -6010
6025 -6013
6026 -6010
6027 -6011
6028 -6010
6029 -6009
6030 -6010
6031 -6013
6032 -6012
6033 -6013
6034 -6016
6035 -6018
6036 -6019
6037 -6021
6038 -6029
6039 -6033
6040 -6037
6041 -6040
6042 -6045
6043 -6053
6044 -6058
6045 -6065
6046 -6074
6047 -6081
6048 -6091
6049 -6097
6050 -6107
6051 -6117
6052 -6124
6053 -6132
6054 -6141
6055 -6153
6056 -6164
6057 -6172
6058 -6180
6059 -6189
6060 -6195
6061 -6207
6062 -6214
6063 -6220
6064 -6229
6065 -6234
6066 -6240
6067 -6243
6068 -6251
6069 -6254
6070 -6255
6071 -6262
6072 -6261
6073 -6264
6074 -6261
6075 -6263
6076 -6263
6077 -6260
6078 -6256
6079 -6252
6080 -6250
6081 -6244
6082 -6240
6083 -6232
6084 -6228
6085 -6220
6086 -6213
6087 -6207
6088 -6199
6089 -6189
6090 -6184
6091 -6177
6092 -6169
6093 -6160
6094 -6154
6095 -6145
6096 -6138
6097 -6133
6098 -6125
6099 -6120
6100 -6115
6101 -6110
6102 -6105
6103 -6103
6104 -6099
6105 -6101
6106 -6100
6107 -6098
6108 -6099
6109 -6103
6110 -6107
6111 -6108
6112 -6116
6113 -6122
6114 -6129
6115 -6138
6116 -6147
6117 -6158
6118 -6167
6119 -6183
6120 -6194
6121 -6208
6122 -6225
6123 -6238
6124 -6255
6125 -6271
6126 -6290
6127 -6308
6128 -6326
6129 -6344
6130 -6364
6131 -6385
6132 -6405
6133 -6423
6134 -6442
6135 -6462
6136 -6482
6137 -6502
6138 -6522
6139 -6540
6140 -6560
6141 -6578
6142 -6597
6143 -6615
6144 -6635
6145 -6651
6146 -6666
6147 -6679
6148 -6696
6149 -6710
6150 -6721
6151 -6735
6152 -6746
6153 -6757
6154 -6769
6155 -6778
6156 -6788
6157 -6795
6158 -6800
6159 -6808
6160 -6814
6161 -6819
6162 -6823
6163 -6826
6164 -6827
6165 -6827
6166 -6833
6167 -6830
6168 -6829
6169 -6829
6170 -6830
6171 -6826
6172 -6823
6173 -6823
6174 -6819
6175 -6813
6176 -6811
6177 -6804
6178 -6799
6179 -6798
6180 -6786
6181 -6781
6182 -6778
6183 -6772
6184 -6763
6185 -6755
6186 -6750
6187 -6743
6188 -6735
6189 -6725
6190 -6718
6191 -6708
6192 -6701
6193 -6690
6194 -6682
6195 -6672
6196 -6665
6197 -6653
6198 -6644
6199 -6636
6200 -6628
6201 -6617
6202 -6608
6203 -6595
6204 -6584
6205 -6577
6206 -6566
6207 -6559
6208 -6549
6209 -6536
6210 -6530
6211 -6517
6212 -6511
6213 -6500
6214 -6492
6215 -6483
6216 -6476
6217 -6466
6218 -6457
6219 -6449
6220 -6444
6221 -6438
6222 -6433
6223 -6426
6224 -6418
6225 -6415
6226 -6410
6227 -6406
6228 -6404
6229 -6399
6230 -6398
6231 -6397
6232 -6395
6233 -6397
6234 -6394
6235 -6399
6236 -6398
6237 -6404
6238 -6403
6239 -6408
6240 -6413
6241 -6417
6242 -6420
6243 -6428
6244 -6434
6245 -6440
6246 -6446
6247 -6453
6248 -6463
6249 -6466
6250 -6477
6251 -6483
6252 -6494
6253 -6503
6254 -6509
6255 -6519
6256 -6528
6257 -6534
6258 -6544
6259 -6552
6260 -6560
6261 -6569
6262 -6574
6263 -6580
6264 -6587
6265 -6592
6266 -6598
6267 -6602
6268 -6605
6269 -6609
6270 -6612
6271 -6613
6272 -6614
6273 -6618
6274 -6618
6275 -6618
6276 -6615
6277 -6613
6278 -6611
6279 -6614
6280 -6611
6281 -6606
6282 -6603
6283 -6602
6284 -6599
6285 -6593
6286 -6590
6287 -6591
6288 -6585
6289 -6581
6290 -6577
6291 -6577
6292 -6578
6293 -6574
6294 -6577
6295 -6575
6296 -6578
6297 -6582
6298 -6583
6299 -6589
6300 -6594
6301 -6599
6302 -6606
6303 -6616
6304 -6622
6305 -6637
6306 -6648
6307 -6661
6308 -6671
6309 -6688
6310 -6705
6311 -6721
6312 -6738
6313 -6758
6314 -6776
6315 -6796
6316 -6816
6317 -6839
6318 -6860
6319 -6884
6320 -6904
6321 -6926
6322 -6949
6323 -6973
6324 -6997
6325 -7017
6326 -7040
6327 -7062
6328 -7084
6329 -7106
6330 -7124
6331 -7144
6332 -7160
6333 -7182
6334 -7200
6335 -7213
6336 -7228
6337 -7242
6338 -7255
6339 -7271
6340 -7282
6341 -7288
6342 -7298
6343 -7306
6344 -7314
6345 -7319
6346 -7324
6347 -7325
6348 -7330
6349 -7328
6350 -7332
6351 -7330
6352 -7329
6353 -7329
6354 -7322
6355 -7324
6356 -7320
6357 -7313
6358 -7306
6359 -7302
6360 -7297
6361 -7290
6362 -7285
6363 -7277
6364 -7273
6365 -7262
6366 -7257
6367 -7248
6368 -7237
6369 -7233
6370 -7226
6371 -7220
6372 -7212
6373 -7203
6374 -7198
6375 -7194
6376 -7185
6377 -7179
6378 -7174
6379 -7166
6380 -7163
6381 -7161
6382 -7158
6383 -7152
6384 -7152
6385 -7147
6386 -7148
6387 -7142
6388 -7142
6389 -7142
6390 -7139
6391 -7141
6392 -7139
6393 -7137
6394 -7141
6395 -7144
6396 -7141
6397 -7145
6398 -7143
6399 -7145
6400 -7148
6401 -7149
6402 -7154
6403 -7153
6404 -7158
6405 -7160
6406 -7165
6407 -7166
6408 -7169
6409 -7169
6410 -7176
6411 -7176
6412 -7180
6413 -7183
6414 -7186
6415 -7189
6416 -7190
6417 -7194
6418 -7197
6419 -7200
6420 -7205
6421 -7208
6422 -7210
6423 -7214
6424 -7218
6425 -7221
6426 -7225
6427 -7230
6428 -7235
6429 -7239
6430 -7242
6431 -7249
6432 -7254
6433 -7257
6434 -7264
6435 -7272
6436 -7275
6437 -7283
6438 -7291
6439 -7296
6440 -7304
6441 -7311
6442 -7320
6443 -7331
6444 -7340
6445 -7347
6446 -7359
6447 -7366
6448 -7376
6449 -7387
6450 -7398
6451 -7413
6452 -7422
6453 -7432
6454 -7445
6455 -7458
6456 -7468
6457 -7482
6458 -7493
6459 -7508
6460 -7519
6461 -7536
6462 -7549
6463 -7560
6464 -7572
6465 -7588
6466 -7600
6467 -7614
6468 -7627
6469 -7641
6470 -7654
6471 -7667
6472 -7684
6473 -7694
6474 -7709
6475 -7721
6476 -7736
6477 -7749
6478 -7764
6479 -7776
6480 -7791
6481 -7803
6482 -7818
6483 -7833
6484 -7845
6485 -7858
6486 -7874
6487 -7885
6488 -7902
6489 -7914
6490 -7927
6491 -7942
6492 -7956
6493 -7971
6494 -7985
6495 -7999
6496 -8013
6497 -8027
6498 -8042
6499 -8057
6500 -8070
6501 -8086
6502 -8097
6503 -8109
6504 -8123
6505 -8135
6506 -8151
6507 -8162
6508 -8176
6509 -8187
6510 -8197
6511 -8210
6512 -8219
6513 -8231
6514 -8239
6515 -8244
6516 -8252
6517 -8261
6518 -8265
6519 -8271
6520 -8276
6521 -8280
6522 -8282
6523 -8286
6524 -8290
6525 -8288
6526 -8287
6527 -8287
6528 -8286
6529 -8284
6530 -8281
6531 -8275
6532 -8269
6533 -8265
6534 -8257
6535 -8249
6536 -8245
6537 -8238
6538 -8226
6539 -8217
6540 -8210
6541 -8199
6542 -8187
6543 -8175
6544 -8161
6545 -8151
6546 -8142
6547 -8126
6548 -8111
6549 -8096
6550 -8084
6551 -8071
6552 -8054
6553 -8042
6554 -8025
6555 -8011
6556 -7996
6557 -7978
6558 -7963
6559 -7946
6560 -7931
6561 -7913
6562 -7898
6563 -7880
6564 -7861
6565 -7846
6566 -7828
6567 -7809
6568 -7793
6569 -7773
6570 -7755
6571 -7737
6572 -7718
6573 -7701
6574 -7683
6575 -7665
6576 -7645
6577 -7631
6578 -7612
6579 -7594
6580 -7580
6581 -7563
6582 -7542
6583 -7526
6584 -7511
6585 -7494
6586 -7477
6587 -7461
6588 -7445
6589 -7432
6590 -7419
6591 -7402
6592 -7391
6593 -7380
6594 -7366
6595 -7354
6596 -7343
6597 -7333
6598 -7320
6599 -7311
6600 -7305
6601 -7293
6602 -7283
6603 -7276
6604 -7268
6605 -7263
6606 -7257
6607 -7248
6608 -7243
6609 -7239
6610 -7233
6611 -7225
6612 -7222
6613 -7219
6614 -7215
6615 -7211
6616 -7206
6617 -7204
6618 -7199
6619 -7198
6620 -7194
6621 -7190
6622 -7188
6623 -7186
6624 -7184
6625 -7179
6626 -7176
6627 -7173
6628 -7169
6629 -7166
6630 -7161
6631 -7160
6632 -7156
6633 -7152
6634 -7147
6635 -7146
6636 -7141
6637 -7134
6638 -7131
6639 -7128
6640 -7124
6641 -7117
6642 -7115
6643 -7110
6644 -7105
6645 -7100
6646 -7098
6647 -7091
6648 -7088
6649 -7079
6650 -7073
6651 -7070
6652 -7063
6653 -7059
6654 -7054
6655 -7049
6656 -7046
6657 -7040
6658 -7032
6659 -7025
6660 -7019
6661 -7013
6662 -7006
6663 -6996
6664 -6989
6665 -6980
6666 -6973
6667 -6967
6668 -6958
6669 -6945
6670 -6934
6671 -6927
6672 -6916
6673 -6906
6674 -6892
6675 -6881
6676 -6870
6677 -6853
6678 -6842
6679 -6831
6680 -6816
6681 -6800
6682 -6784
6683 -6770
6684 -6752
6685 -6739
6686 -6720
6687 -6703
6688 -6688
6689 -6669
6690 -6653
6691 -6631
6692 -6618
6693 -6598
6694 -6580
6695 -6562
6696 -6542
6697 -6526
6698 -6509
6699 -6490
6700 -6475
6701 -6454
6702 -6440
6703 -6424
6704 -6407
6705 -6391
6706 -6372
6707 -6360
6708 -6345
6709 -6333
6710 -6319
6711 -6305
6712 -6291
6713 -6281
6714 -6269
6715 -6260
6716 -6249
6717 -6239
6718 -6232
6719 -6225
6720 -6216
6721 -6213
6722 -6203
6723 -6201
6724 -6195
6725 -6194
6726 -6191
6727 -6190
6728 -6189
6729 -6186
6730 -6188
6731 -6187
6732 -6191
6733 -6191
6734 -6193
6735 -6195
6736 -6199
6737 -6203
6738 -6208
6739 -6212
6740 -6217
6741 -6222
6742 -6228
6743 -6235
6744 -6241
6745 -6247
6746 -6252
6747 -6260
6748 -6267
6749 -6273
6750 -6280
6751 -6286
6752 -6294
6753 -6297
6754 -6301
6755 -6310
6756 -6313
6757 -6316
6758 -6321
6759 -6325
6760 -6329
6761 -6331
6762 -6335
6763 -6334
6764 -6337
6765 -6338
6766 -6340
6767 -6335
6768 -6335
6769 -6333
6770 -6331
6771 -6326
6772 -6326
6773 -6318
6774 -6315
6775 -6310
6776 -6303
6777 -6296
6778 -6292
6779 -6282
6780 -6278
6781 -6268
6782 -6261
6783 -6252
6784 -6245
6785 -6237
6786 -6225
6787 -6217
6788 -6211
6789 -6201
6790 -6194
6791 -6186
6792 -6180
6793 -6171
6794 -6165
6795 -6157
6796 -6152
6797 -6147
6798 -6141
6799 -6133
6800 -6132
6801 -6131
6802 -6125
6803 -6124
6804 -6123
6805 -6119
6806 -6119
6807 -6121
6808 -6121
6809 -6122
6810 -6130
6811 -6132
6812 -6133
6813 -6140
6814 -6145
6815 -6148
6816 -6158
6817 -6166
6818 -6177
6819 -6183
6820 -6194
6821 -6201
6822 -6215
6823 -6225
6824 -6238
6825 -6252
6826 -6265
6827 -6282
6828 -6297
6829 -6314
6830 -6329
6831 -6345
6832 -6366
6833 -6384
6834 -6404
6835 -6423
6836 -6448
6837 -6466
6838 -6487
6839 -6511
6840 -6534
6841 -6558
6842 -6581
6843 -6608
6844 -6634
6845 -6662
6846 -6688
6847 -6715
6848 -6742
6849 -6769
6850 -6796
6851 -6826
6852 -6852
6853 -6881
6854 -6910
6855 -6939
6856 -6965
6857 -6994
6858 -7023
6859 -7050
6860 -7077
6861 -7101
6862 -7132
6863 -7159
6864 -7183
6865 -7208
6866 -7232
6867 -7259
6868 -7280
6869 -7304
6870 -7326
6871 -7345
6872 -7367
6873 -7387
6874 -7410
6875 -7427
6876 -7445
6877 -7461
6878 -7479
6879 -7497
6880 -7511
6881 -7524
6882 -7538
6883 -7550
6884 -7561
6885 -7576
6886 -7584
6887 -7595
6888 -7604
6889 -7614
6890 -7618
6891 -7626
6892 -7633
6893 -7638
6894 -7643
6895 -7648
6896 -7652
6897 -7656
6898 -7659
6899 -7661
6900 -7659
6901 -7664
6902 -7663
6903 -7663
6904 -7663
6905 -7662
6906 -7657
6907 -7656
6908 -7651
6909 -7651
6910 -7646
6911 -7636
6912 -7633
6913 -7629
6914 -7624
6915 -7616
6916 -7607
6917 -7605
6918 -7593
6919 -7586
6920 -7579
6921 -7572
6922 -7560
6923 -7549
6924 -7540
6925 -7532
6926 -7522
6927 -7514
6928 -7505
6929 -7498
6930 -7487
6931 -7481
6932 -7472
6933 -7465
6934 -7461
6935 -7454
6936 -7450
6937 -7447
6938 -7439
6939 -7437
6940 -7436
6941 -7432
6942 -7432
6943 -7433
6944 -7435
6945 -7435
6946 -7440
6947 -7443
6948 -7449
6949 -7454
6950 -7458
6951 -7466
6952 -7478
6953 -7486
6954 -7497
6955 -7506
6956 -7518
6957 -7529
6958 -7542
6959 -7557
6960 -7571
6961 -7584
6962 -7598
6963 -7615
6964 -7628
6965 -7646
6966 -7659
6967 -7677
6968 -7695
6969 -7709
6970 -7720
6971 -7738
6972 -7750
6973 -7767
6974 -7777
6975 -7790
6976 -7803
6977 -7815
6978 -7825
6979 -7834
6980 -7842
6981 -7852
6982 -7859
6983 -7864
6984 -7869
6985 -7875
6986 -7877
6987 -7880
6988 -7885
6989 -7881
6990 -7882
6991 -7880
6992 -7877
6993 -7874
6994 -7871
6995 -7866
6996 -7856
6997 -7852
6998 -7845
6999 -7838
7000 -7830
7001 -7822
7002 -7813
7003 -7804
7004 -7798
7005 -7787
7006 -7772
7007 -7765
7008 -7758
7009 -7743
7010 -7736
7011 -7728
7012 -7719
7013 -7707
7014 -7697
7015 -7691
7016 -7686
7017 -7678
7018 -7666
7019 -7666
7020 -7658
7021 -7654
7022 -7650
7023 -7644
7024 -7640
7025 -7639
7026 -7635
7027 -7633
7028 -7632
7029 -7629
7030 -7630
7031 -7630
7032 -7634
7033 -7634
7034 -7635
7035 -7636
7036 -7638
7037 -7638
7038 -7643
7039 -7642
7040 -7645
7041 -7648
7042 -7651
7043 -7650
7044 -7653
7045 -7655
7046 -7653
7047 -7652
7048 -7656
7049 -7655
7050 -7653
7051 -7654
7052 -7650
7053 -7646
7054 -7641
7055 -7639
7056 -7633
7057 -7626
7058 -7619
7059 -7611
7060 -7601
7061 -7595
7062 -7585
7063 -7574
7064 -7563
7065 -7550
7066 -7537
7067 -7522
7068 -7509
7069 -7494
7070 -7479
7071 -7461
7072 -7450
7073 -7433
7074 -7414
7075 -7397
7076 -7377
7077 -7361
7078 -7345
7079 -7327
7080 -7306
7081 -7290
7082 -7271
7083 -7253
7084 -7236
7085 -7217
7086 -7198
7087 -7178
7088 -7162
7089 -7143
7090 -7126
7091 -7109
7092 -7093
7093 -7074
7094 -7058
7095 -7040
7096 -7027
7097 -7014
7098 -6995
7099 -6983
7100 -6965
7101 -6949
7102 -6940
7103 -6924
7104 -6909
7105 -6900
7106 -6886
7107 -6873
7108 -6860
7109 -6851
7110 -6840
7111 -6828
7112 -6817
7113 -6810
7114 -6799
7115 -6792
7116 -6781
7117 -6774
7118 -6770
7119 -6760
7120 -6754
7121 -6746
7122 -6741
7123 -6737
7124 -6732
7125 -6731
7126 -6725
7127 -6719
7128 -6720
7129 -6718
7130 -6717
7131 -6716
7132 -6715
7133 -6714
7134 -6716
7135 -6718
7136 -6717
7137 -6718
7138 -6719
7139 -6720
7140 -6725
7141 -6726
7142 -6728
7143 -6735
7144 -6737
7145 -6738
7146 -6742
7147 -6747
7148 -6754
7149 -6756
7150 -6762
7151 -6764
7152 -6772
7153 -6776
7154 -6779
7155 -6786
7156 -6791
7157 -6796
7158 -6802
7159 -6807
7160 -6817
7161 -6822
7162 -6829
7163 -6833
7164 -6843
7165 -6849
7166 -6858
7167 -6866
7168 -6873
7169 -6884
7170 -6891
7171 -6903
7172 -6912
7173 -6919
7174 -6930
7175 -6942
7176 -6956
7177 -6965
7178 -6976
7179 -6989
7180 -7000
7181 -7013
7182 -7025
7183 -7038
7184 -7052
7185 -7064
7186 -7078
7187 -7091
7188 -7104
7189 -7119
7190 -7133
7191 -7145
7192 -7159
7193 -7173
7194 -7188
7195 -7199
7196 -7212
7197 -7225
7198 -7235
7199 -7248
7200 -7256
7201 -7266
7202 -7277
7203 -7286
7204 -7297
7205 -7303
7206 -7309
7207 -7314
7208 -7317
7209 -7322
7210 -7327
7211 -7331
7212 -7329
7213 -7333
7214 -7331
7215 -7329
7216 -7325
7217 -7324
7218 -7317
7219 -7314
7220 -7307
7221 -7304
7222 -7295
7223 -7283
7224 -7276
7225 -7269
7226 -7260
7227 -7249
7228 -7239
7229 -7228
7230 -7216
7231 -7207
7232 -7196
7233 -7183
7234 -7171
7235 -7161
7236 -7149
7237 -7140
7238 -7130
7239 -7118
7240 -7110
7241 -7100
7242 -7093
7243 -7085
7244 -7078
7245 -7076
7246 -7072
7247 -7064
7248 -7058
7249 -7058
7250 -7054
7251 -7057
7252 -7057
7253 -7058
7254 -7057
7255 -7063
7256 -7069
7257 -7074
7258 -7081
7259 -7086
7260 -7094
7261 -7106
7262 -7113
7263 -7130
7264 -7138
7265 -7148
7266 -7165
7267 -7179
7268 -7192
7269 -7207
7270 -7223
7271 -7238
7272 -7258
7273 -7275
7274 -7293
7275 -7311
7276 -7326
7277 -7345
7278 -7364
7279 -7384
7280 -7399
7281 -7419
7282 -7437
7283 -7457
7284 -7473
7285 -7489
7286 -7509
7287 -7526
7288 -7538
7289 -7556
7290 -7571
7291 -7588
7292 -7606
7293 -7615
7294 -7631
7295 -7646
7296 -7657
7297 -7669
7298 -7683
7299 -7693
7300 -7705
7301 -7714
7302 -7723
7303 -7732
7304 -7739
7305 -7748
7306 -7754
7307 -7762
7308 -7765
7309 -7772
7310 -7777
7311 -7782
7312 -7785
7313 -7789
7314 -7788
7315 -7796
7316 -7800
7317 -7801
7318 -7800
7319 -7800
7320 -7800
7321 -7802
7322 -7798
7323 -7800
7324 -7803
7325 -7799
7326 -7800
7327 -7797
7328 -7793
7329 -7795
7330 -7792
7331 -7792
7332 -7790
7333 -7787
7334 -7785
7335 -7782
7336 -7784
7337 -7782
7338 -7778
7339 -7778
7340 -7775
7341 -7774
7342 -7774
7343 -7772
7344 -7773
7345 -7772
7346 -7772
7347 -7771
7348 -7774
7349 -7773
7350 -7774
7351 -7775
7352 -7776
7353 -7777
7354 -7779
7355 -7781
7356 -7784
7357 -7786
7358 -7789
7359 -7792
7360 -7795
7361 -7799
7362 -7803
7363 -7804
7364 -7811
7365 -7812
7366 -7815
7367 -7821
7368 -7825
7369 -7831
7370 -7834
7371 -7840
7372 -7847
7373 -7850
7374 -7854
7375 -7860
7376 -7868
7377 -7871
7378 -7879
7379 -7882
7380 -7888
7381 -7894
7382 -7901
7383 -7906
7384 -7913
7385 -7919
7386 -7923
7387 -7932
7388 -7938
7389 -7947
7390 -7951
7391 -7958
7392 -7964
7393 -7973
7394 -7979
7395 -7986
7396 -7993
7397 -7998
7398 -8007
7399 -8015
7400 -8019
7401 -8027
7402 -8034
7403 -8042
7404 -8048
7405 -8055
7406 -8060
7407 -8065
7408 -8072
7409 -8076
7410 -8082
7411 -8087
7412 -8091
7413 -8091
7414 -8094
7415 -8096
7416 -8096
7417 -8095
7418 -8093
7419 -8094
7420 -8088
7421 -8088
7422 -8081
7423 -8077
7424 -8071
7425 -8063
7426 -8051
7427 -8045
7428 -8033
7429 -8026
7430 -8013
7431 -7996
7432 -7983
7433 -7968
7434 -7950
7435 -7935
7436 -7915
7437 -7898
7438 -7878
7439 -7864
7440 -7841
7441 -7820
7442 -7799
7443 -7775
7444 -7755
7445 -7734
7446 -7713
7447 -7688
7448 -7667
7449 -7646
7450 -7624
7451 -7606
7452 -7584
7453 -7565
7454 -7546
7455 -7530
7456 -7510
7457 -7494
7458 -7476
7459 -7463
7460 -7452
7461 -7437
7462 -7425
7463 -7416
7464 -7407
7465 -7404
7466 -7398
7467 -7390
7468 -7389
7469 -7389
7470 -7390
7471 -7390
7472 -7394
7473 -7399
7474 -7406
7475 -7410
7476 -7421
7477 -7430
7478 -7441
7479 -7456
7480 -7469
7481 -7480
7482 -7495
7483 -7513
7484 -7531
7485 -7548
7486 -7569
7487 -7587
7488 -7608
7489 -7627
7490 -7646
7491 -7668
7492 -7689
7493 -7708
7494 -7732
7495 -7750
7496 -7774
7497 -7791
7498 -7812
7499 -7826
7500 -7849
7501 -7864
7502 -7883
7503 -7900
7504 -7916
7505 -7928
7506 -7939
7507 -7954
7508 -7962
7509 -7973
7510 -7983
7511 -7987
7512 -7996
7513 -8000
7514 -8004
7515 -8004
7516 -8005
7517 -8004
7518 -8002
7519 -7996
7520 -7995
7521 -7988
7522 -7981
7523 -7971
7524 -7961
7525 -7950
7526 -7937
7527 -7921
7528 -7903
7529 -7892
7530 -7872
7531 -7855
7532 -7836
7533 -7817
7534 -7795
7535 -7775
7536 -7752
7537 -7726
7538 -7705
7539 -7678
7540 -7656
7541 -7630
7542 -7602
7543 -7577
7544 -7551
7545 -7521
7546 -7497
7547 -7470
7548 -7443
7549 -7417
7550 -7389
7551 -7359
7552 -7334
7553 -7307
7554 -7278
7555 -7253
7556 -7226
7557 -7201
7558 -7176
7559 -7150
7560 -7127
7561 -7106
7562 -7079
7563 -7057
7564 -7035
7565 -7012
7566 -6993
7567 -6975
7568 -6953
7569 -6936
7570 -6914
7571 -6900
7572 -6883
7573 -6869
7574 -6854
7575 -6838
7576 -6826
7577 -6815
7578 -6805
7579 -6795
7580 -6787
7581 -6780
7582 -6772
7583 -6767
7584 -6762
7585 -6759
7586 -6757
7587 -6752
7588 -6756
7589 -6756
7590 -6757
7591 -6765
7592 -6766
7593 -6771
7594 -6777
7595 -6784
7596 -6791
7597 -6802
7598 -6814
7599 -6821
7600 -6833
7601 -6847
7602 -6859
7603 -6872
7604 -6885
7605 -6898
7606 -6916
7607 -6929
7608 -6944
7609 -6959
7610 -6973
7611 -6991
7612 -7003
7613 -7017
7614 -7032
7615 -7047
7616 -7060
7617 -7075
7618 -7088
7619 -7096
7620 -7107
7621 -7118
7622 -7128
7623 -7134
7624 -7143
7625 -7150
7626 -7151
7627 -7159
7628 -7162
7629 -7165
7630 -7168
7631 -7165
7632 -7167
7633 -7166
7634 -7162
7635 -7161
7636 -7154
7637 -7151
7638 -7143
7639 -7140
7640 -7131
7641 -7122
7642 -7113
7643 -7108
7644 -7092
7645 -7080
7646 -7070
7647 -7062
7648 -7047
7649 -7033
7650 -7023
7651 -7010
7652 -6996
7653 -6979
7654 -6967
7655 -6950
7656 -6937
7657 -6923
7658 -6907
7659 -6891
7660 -6879
7661 -6866
7662 -6850
7663 -6833
7664 -6823
7665 -6808
7666 -6794
7667 -6779
7668 -6767
7669 -6752
7670 -6741
7671 -6727
7672 -6716
7673 -6702
7674 -6692
7675 -6682
7676 -6673
7677 -6665
7678 -6655
7679 -6649
7680 -6641
7681 -6636
7682 -6630
7683 -6627
7684 -6626
7685 -6624
7686 -6618
7687 -6620
7688 -6618
7689 -6623
7690 -6623
7691 -6626
7692 -6633
7693 -6639
7694 -6642
7695 -6651
7696 -6660
7697 -6666
7698 -6675
7699 -6685
7700 -6697
7701 -6706
7702 -6719
7703 -6734
7704 -6742
7705 -6755
7706 -6765
7707 -6776
7708 -6792
7709 -6806
7710 -6814
7711 -6824
7712 -6835
7713 -6845
7714 -6856
7715 -6861
7716 -6869
7717 -6877
7718 -6881
7719 -6886
7720 -6887
7721 -6889
7722 -6894
7723 -6895
7724 -6892
7725 -6890
7726 -6887
7727 -6887
7728 -6880
7729 -6876
7730 -6868
7731 -6859
7732 -6854
7733 -6845
7734 -6836
7735 -6828
7736 -6821
7737 -6811
7738 -6802
7739 -6790
7740 -6781
7741 -6773
7742 -6765
7743 -6757
7744 -6750
7745 -6746
7746 -6739
7747 -6735
7748 -6727
7749 -6728
7750 -6727
7751 -6727
7752 -6726
7753 -6728
7754 -6729
7755 -6734
7756 -6742
7757 -6748
7758 -6757
7759 -6764
7760 -6776
7761 -6786
7762 -6802
7763 -6815
7764 -6830
7765 -6848
7766 -6863
7767 -6882
7768 -6900
7769 -6919
7770 -6936
7771 -6957
7772 -6979
7773 -6997
7774 -7020
7775 -7043
7776 -7064
7777 -7082
7778 -7103
7779 -7125
7780 -7144
7781 -7164
7782 -7181
7783 -7199
7784 -7218
7785 -7235
7786 -7253
7787 -7274
7788 -7287
7789 -7303
7790 -7317
7791 -7331
7792 -7346
7793 -7358
7794 -7368
7795 -7381
7796 -7393
7797 -7403
7798 -7412
7799 -7418
7800 -7426
7801 -7437
7802 -7444
7803 -7452
7804 -7459
7805 -7468
7806 -7474
7807 -7481
7808 -7487
7809 -7496
7810 -7502
7811 -7510
7812 -7515
7813 -7522
7814 -7530
7815 -7534
7816 -7545
7817 -7550
7818 -7560
7819 -7565
7820 -7573
7821 -7581
7822 -7590
7823 -7595
7824 -7605
7825 -7612
7826 -7621
7827 -7623
7828 -7633
7829 -7642
7830 -7649
7831 -7657
7832 -7664
7833 -7671
7834 -7678
7835 -7686
7836 -7691
7837 -7697
7838 -7700
7839 -7706
7840 -7712
7841 -7715
7842 -7717
7843 -7719
7844 -7722
7845 -7723
7846 -7721
7847 -7722
7848 -7721
7849 -7720
7850 -7716
7851 -7710
7852 -7706
7853 -7701
7854 -7697
7855 -7688
7856 -7680
7857 -7674
7858 -7666
7859 -7655
7860 -7644
7861 -7632
7862 -7627
7863 -7614
7864 -7601
7865 -7586
7866 -7576
7867 -7564
7868 -7552
7869 -7538
7870 -7525
7871 -7512
7872 -7500
7873 -7487
7874 -7475
7875 -7465
7876 -7452
7877 -7443
7878 -7435
7879 -7424
7880 -7416
7881 -7405
7882 -7398
7883 -7389
7884 -7382
7885 -7377
7886 -7373
7887 -7369
7888 -7366
7889 -7365
7890 -7365
7891 -7364
7892 -7364
7893 -7367
7894 -7368
7895 -7371
7896 -7377
7897 -7381
7898 -7387
7899 -7392
7900 -7403
7901 -7409
7902 -7423
7903 -7429
7904 -7441
7905 -7455
7906 -7462
7907 -7476
7908 -7490
7909 -7504
7910 -7516
7911 -7532
7912 -7549
7913 -7563
7914 -7580
7915 -7597
7916 -7614
7917 -7632
7918 -7649
7919 -7669
7920 -7687
7921 -7706
7922 -7724
7923 -7741
7924 -7761
7925 -7781
7926 -7801
7927 -7824
7928 -7840
7929 -7864
7930 -7885
7931 -7904
7932 -7924
7933 -7944
7934 -7967
7935 -7987
7936 -8007
7937 -8028
7938 -8045
7939 -8067
7940 -8087
7941 -8108
7942 -8123
7943 -8144
7944 -8162
7945 -8182
7946 -8198
7947 -8216
7948 -8234
7949 -8248
7950 -8266
7951 -8281
7952 -8295
7953 -8310
7954 -8321
7955 -8335
7956 -8345
7957 -8356
7958 -8366
7959 -8377
7960 -8386
7961 -8391
7962 -8396
7963 -8405
7964 -8411
7965 -8416
7966 -8419
7967 -8423
7968 -8422
7969 -8424
7970 -8425
7971 -8426
7972 -8424
7973 -8424
7974 -8421
7975 -8418
7976 -8416
7977 -8414
7978 -8411
7979 -8407
7980 -8400
7981 -8395
7982 -8393
7983 -8387
7984 -8381
7985 -8375
7986 -8372
7987 -8365
7988 -8356
7989 -8352
7990 -8343
7991 -8335
7992 -8331
7993 -8325
7994 -8317
7995 -8311
7996 -8303
7997 -8296
7998 -8291
7999 -8282
