0 -8274
1 -8271
2 -8260
3 -8253
4 -8247
5 -8239
6 -8229
7 -8219
8 -8209
9 -8200
10 -8192
11 -8183
12 -8170
13 -8162
14 -8148
15 -8135
16 -8123
17 -8110
18 -8098
19 -8081
20 -8068
21 -8054
22 -8040
23 -8023
24 -8005
25 -7989
26 -7970
27 -7956
28 -7938
29 -7918
30 -7899
31 -7880
32 -7859
33 -7840
34 -7821
35 -7802
36 -7780
37 -7761
38 -7738
39 -7721
40 -7700
41 -7681
42 -7659
43 -7645
44 -7623
45 -7605
46 -7584
47 -7570
48 -7552
49 -7537
50 -7518
51 -7504
52 -7488
53 -7473
54 -7461
55 -7445
56 -7433
57 -7422
58 -7410
59 -7398
60 -7388
61 -7380
62 -7369
63 -7361
64 -7355
65 -7348
66 -7342
67 -7335
68 -7330
69 -7323
70 -7321
71 -7318
72 -7315
73 -7309
74 -7307
75 -7301
76 -7303
77 -7301
78 -7301
79 -7297
80 -7298
81 -7296
82 -7298
83 -7297
84 -7296
85 -7294
86 -7293
87 -7291
88 -7292
89 -7292
90 -7293
91 -7292
92 -7290
93 -7293
94 -7290
95 -7291
96 -7294
97 -7291
98 -7287
99 -7293
100 -7290
101 -7290
102 -7292
103 -7293
104 -7293
105 -7290
106 -7292
107 -7293
108 -7292
109 -7295
110 -7299
111 -7300
112 -7303
113 -7306
114 -7310
115 -7312
116 -7317
117 -7318
118 -7326
119 -7329
120 -7337
121 -7342
122 -7346
123 -7354
124 -7356
125 -7367
126 -7372
127 -7383
128 -7390
129 -7398
130 -7406
131 -7414
132 -7426
133 -7437
134 -7449
135 -7457
136 -7468
137 -7478
138 -7488
139 -7503
140 -7512
141 -7521
142 -7535
143 -7547
144 -7558
145 -7571
146 -7583
147 -7593
148 -7605
149 -7617
150 -7627
151 -7639
152 -7653
153 -7664
154 -7674
155 -7684
156 -7697
157 -7705
158 -7718
159 -7729
160 -7738
161 -7752
162 -7761
163 -7771
164 -7782
165 -7793
166 -7803
167 -7814
168 -7824
169 -7834
170 -7846
171 -7853
172 -7866
173 -7876
174 -7886
175 -7899
176 -7909
177 -7921
178 -7928
179 -7940
180 -7954
181 -7966
182 -7976
183 -7988
184 -7999
185 -8011
186 -8022
187 -8035
188 -8048
189 -8059
190 -8070
191 -8080
192 -8094
193 -8104
194 -8116
195 -8127
196 -8137
197 -8150
198 -8159
199 -8168
200 -8179
201 -8187
202 -8194
203 -8202
204 -8207
205 -8213
206 -8220
207 -8223
208 -8227
209 -8231
210 -8232
211 -8232
212 -8237
213 -8234
214 -8231
215 -8229
216 -8224
217 -8221
218 -8216
219 -8210
220 -8205
221 -8197
222 -8189
223 -8177
224 -8166
225 -8154
226 -8144
227 -8134
228 -8120
229 -8106
230 -8096
231 -8083
232 -8068
233 -8054
234 -8042
235 -8030
236 -8019
237 -8003
238 -7991
239 -7982
240 -7970
241 -7961
242 -7948
243 -7940
244 -7931
245 -7926
246 -7919
247 -7915
248 -7912
249 -7910
250 -7910
251 -7904
252 -7905
253 -7906
254 -7911
255 -7914
256 -7921
257 -7927
258 -7935
259 -7941
260 -7949
261 -7962
262 -7971
263 -7983
264 -7999
265 -8012
266 -8026
267 -8042
268 -8057
269 -8070
270 -8089
271 -8105
272 -8121
273 -8141
274 -8155
275 -8170
276 -8187
277 -8204
278 -8219
279 -8234
280 -8250
281 -8263
282 -8277
283 -8288
284 -8302
285 -8313
286 -8324
287 -8333
288 -8344
289 -8350
290 -8355
291 -8359
292 -8364
293 -8367
294 -8370
295 -8370
296 -8373
297 -8368
298 -8366
299 -8361
300 -8355
301 -8350
302 -8340
303 -8335
304 -8325
305 -8310
306 -8300
307 -8287
308 -8273
309 -8256
310 -8242
311 -8224
312 -8207
313 -8189
314 -8169
315 -8149
316 -8129
317 -8109
318 -8087
319 -8067
320 -8046
321 -8027
322 -8003
323 -7986
324 -7963
325 -7942
326 -7921
327 -7906
328 -7883
329 -7868
330 -7850
331 -7831
332 -7814
333 -7800
334 -7784
335 -7774
336 -7762
337 -7749
338 -7741
339 -7734
340 -7727
341 -7720
342 -7716
343 -7711
344 -7709
345 -7710
346 -7707
347 -7712
348 -7710
349 -7716
350 -7719
351 -7726
352 -7734
353 -7741
354 -7748
355 -7757
356 -7769
357 -7780
358 -7790
359 -7801
360 -7811
361 -7825
362 -7838
363 -7850
364 -7862
365 -7875
366 -7887
367 -7897
368 -7909
369 -7923
370 -7935
371 -7945
372 -7957
373 -7967
374 -7977
375 -7986
376 -7999
377 -8005
378 -8010
379 -8019
380 -8026
381 -8031
382 -8037
383 -8044
384 -8047
385 -8052
386 -8056
387 -8057
388 -8061
389 -8064
390 -8064
391 -8067
392 -8066
393 -8065
394 -8068
395 -8071
396 -8070
397 -8070
398 -8070
399 -8063
400 -8068
401 -8064
402 -8066
403 -8063
404 -8063
405 -8063
406 -8059
407 -8057
408 -8059
409 -8056
410 -8058
411 -8057
412 -8061
413 -8060
414 -8057
415 -8059
416 -8061
417 -8061
418 -8064
419 -8065
420 -8068
421 -8071
422 -8073
423 -8076
424 -8078
425 -8083
426 -8089
427 -8092
428 -8100
429 -8101
430 -8103
431 -8109
432 -8119
433 -8120
434 -8128
435 -8132
436 -8136
437 -8143
438 -8149
439 -8155
440 -8158
441 -8164
442 -8167
443 -8173
444 -8180
445 -8183
446 -8187
447 -8187
448 -8190
449 -8195
450 -8195
451 -8197
452 -8197
453 -8198
454 -8198
455 -8196
456 -8196
457 -8193
458 -8192
459 -8190
460 -8187
461 -8182
462 -8180
463 -8174
464 -8167
465 -8165
466 -8160
467 -8154
468 -8146
469 -8141
470 -8135
471 -8129
472 -8124
473 -8115
474 -8107
475 -8100
476 -8094
477 -8088
478 -8083
479 -8077
480 -8069
481 -8064
482 -8057
483 -8052
484 -8048
485 -8043
486 -8034
487 -8031
488 -8028
489 -8024
490 -8019
491 -8016
492 -8014
493 -8011
494 -8006
495 -8003
496 -8001
497 -7998
498 -7997
499 -7991
500 -7990
501 -7987
502 -7986
503 -7982
504 -7980
505 -7980
506 -7976
507 -7975
508 -7970
509 -7969
510 -7966
511 -7964
512 -7959
513 -7959
514 -7955
515 -7950
516 -7948
517 -7948
518 -7945
519 -7942
520 -7937
521 -7934
522 -7935
523 -7930
524 -7926
525 -7925
526 -7923
527 -7922
528 -7916
529 -7916
530 -7910
531 -7913
532 -7908
533 -7907
534 -7901
535 -7904
536 -7901
537 -7899
538 -7901
539 -7898
540 -7895
541 -7897
542 -7893
543 -7890
544 -7892
545 -7891
546 -7890
547 -7891
548 -7889
549 -7889
550 -7888
551 -7888
552 -7887
553 -7886
554 -7884
555 -7885
556 -7888
557 -7884
558 -7883
559 -7885
560 -7883
561 -7883
562 -7882
563 -7884
564 -7888
565 -7889
566 -7890
567 -7890
568 -7892
569 -7895
570 -7896
571 -7901
572 -7905
573 -7907
574 -7911
575 -7911
576 -7919
577 -7926
578 -7929
579 -7937
580 -7944
581 -7948
582 -7955
583 -7961
584 -7966
585 -7975
586 -7983
587 -7990
588 -7997
589 -8004
590 -8011
591 -8019
592 -8026
593 -8032
594 -8039
595 -8046
596 -8053
597 -8056
598 -8061
599 -8067
600 -8070
601 -8072
602 -8076
603 -8073
604 -8079
605 -8076
606 -8076
607 -8072
608 -8068
609 -8063
610 -8060
611 -8054
612 -8047
613 -8041
614 -8030
615 -8022
616 -8011
617 -8000
618 -7990
619 -7978
620 -7965
621 -7951
622 -7937
623 -7924
624 -7907
625 -7894
626 -7879
627 -7861
628 -7843
629 -7831
630 -7814
631 -7802
632 -7785
633 -7769
634 -7754
635 -7738
636 -7724
637 -7709
638 -7696
639 -7684
640 -7669
641 -7656
642 -7644
643 -7633
644 -7621
645 -7613
646 -7604
647 -7598
648 -7589
649 -7581
650 -7573
651 -7566
652 -7559
653 -7553
654 -7550
655 -7548
656 -7544
657 -7542
658 -7540
659 -7538
660 -7536
661 -7535
662 -7532
663 -7537
664 -7535
665 -7537
666 -7538
667 -7538
668 -7540
669 -7542
670 -7543
671 -7547
672 -7548
673 -7549
674 -7555
675 -7558
676 -7561
677 -7564
678 -7569
679 -7570
680 -7572
681 -7573
682 -7579
683 -7579
684 -7585
685 -7584
686 -7589
687 -7590
688 -7590
689 -7590
690 -7596
691 -7598
692 -7594
693 -7597
694 -7601
695 -7600
696 -7603
697 -7603
698 -7606
699 -7605
700 -7606
701 -7609
702 -7608
703 -7612
704 -7613
705 -7615
706 -7621
707 -7620
708 -7624
709 -7628
710 -7635
711 -7638
712 -7644
713 -7649
714 -7659
715 -7665
716 -7674
717 -7683
718 -7695
719 -7706
720 -7716
721 -7729
722 -7740
723 -7755
724 -7767
725 -7785
726 -7800
727 -7813
728 -7832
729 -7847
730 -7867
731 -7886
732 -7903
733 -7925
734 -7945
735 -7959
736 -7982
737 -8003
738 -8021
739 -8044
740 -8064
741 -8082
742 -8102
743 -8117
744 -8136
745 -8155
746 -8175
747 -8189
748 -8209
749 -8224
750 -8239
751 -8255
752 -8267
753 -8283
754 -8295
755 -8304
756 -8318
757 -8328
758 -8341
759 -8346
760 -8356
761 -8363
762 -8371
763 -8375
764 -8383
765 -8387
766 -8387
767 -8392
768 -8392
769 -8399
770 -8397
771 -8398
772 -8400
773 -8398
774 -8398
775 -8394
776 -8396
777 -8395
778 -8390
779 -8384
780 -8385
781 -8381
782 -8377
783 -8375
784 -8368
785 -8363
786 -8360
787 -8354
788 -8348
789 -8345
790 -8338
791 -8336
792 -8330
793 -8323
794 -8319
795 -8316
796 -8312
797 -8308
798 -8300
799 -8301
800 -8296
801 -8291
802 -8293
803 -8290
804 -8290
805 -8291
806 -8289
807 -8294
808 -8292
809 -8294
810 -8299
811 -8300
812 -8306
813 -8311
814 -8317
815 -8328
816 -8334
817 -8347
818 -8351
819 -8362
820 -8377
821 -8385
822 -8397
823 -8410
824 -8425
825 -8441
826 -8455
827 -8470
828 -8483
829 -8499
830 -8516
831 -8533
832 -8551
833 -8569
834 -8584
835 -8604
836 -8618
837 -8635
838 -8654
839 -8668
840 -8684
841 -8704
842 -8719
843 -8734
844 -8748
845 -8761
846 -8774
847 -8789
848 -8801
849 -8814
850 -8823
851 -8838
852 -8846
853 -8853
854 -8862
855 -8869
856 -8879
857 -8883
858 -8889
859 -8892
860 -8896
861 -8900
862 -8901
863 -8903
864 -8907
865 -8907
866 -8902
867 -8901
868 -8901
869 -8900
870 -8898
871 -8893
872 -8890
873 -8886
874 -8880
875 -8873
876 -8867
877 -8860
878 -8853
879 -8850
880 -8840
881 -8829
882 -8819
883 -8815
884 -8803
885 -8793
886 -8784
887 -8773
888 -8761
889 -8752
890 -8737
891 -8728
892 -8716
893 -8702
894 -8689
895 -8676
896 -8665
897 -8647
898 -8633
899 -8621
900 -8607
901 -8592
902 -8577
903 -8563
904 -8547
905 -8534
906 -8518
907 -8504
908 -8490
909 -8471
910 -8458
911 -8444
912 -8424
913 -8410
914 -8393
915 -8378
916 -8361
917 -8344
918 -8326
919 -8310
920 -8294
921 -8275
922 -8260
923 -8241
924 -8227
925 -8206
926 -8190
927 -8173
928 -8155
929 -8136
930 -8118
931 -8100
932 -8083
933 -8062
934 -8043
935 -8025
936 -8006
937 -7988
938 -7969
939 -7946
940 -7930
941 -7910
942 -7892
943 -7878
944 -7854
945 -7837
946 -7821
947 -7801
948 -7786
949 -7768
950 -7753
951 -7735
952 -7719
953 -7707
954 -7692
955 -7680
956 -7667
957 -7657
958 -7644
959 -7635
960 -7627
961 -7619
962 -7611
963 -7604
964 -7595
965 -7592
966 -7587
967 -7585
968 -7582
969 -7582
970 -7583
971 -7582
972 -7581
973 -7586
974 -7587
975 -7591
976 -7593
977 -7599
978 -7601
979 -7608
980 -7611
981 -7618
982 -7623
983 -7630
984 -7639
985 -7642
986 -7651
987 -7656
988 -7661
989 -7667
990 -7675
991 -7675
992 -7685
993 -7689
994 -7692
995 -7694
996 -7700
997 -7705
998 -7707
999 -7710
1000 -7712
1001 -7711
1002 -7714
1003 -7716
1004 -7716
1005 -7713
1006 -7712
1007 -7716
1008 -7713
1009 -7713
1010 -7710
1011 -7706
1012 -7706
1013 -7701
1014 -7701
1015 -7697
1016 -7695
1017 -7691
1018 -7688
1019 -7683
1020 -7678
1021 -7676
1022 -7674
1023 -7670
1024 -7668
1025 -7664
1026 -7664
1027 -7663
1028 -7657
1029 -7657
1030 -7656
1031 -7653
1032 -7653
1033 -7648
1034 -7648
1035 -7648
1036 -7646
1037 -7646
1038 -7645
1039 -7644
1040 -7643
1041 -7642
1042 -7642
1043 -7641
1044 -7641
1045 -7637
1046 -7639
1047 -7638
1048 -7641
1049 -7637
1050 -7637
1051 -7634
1052 -7633
1053 -7632
1054 -7626
1055 -7624
1056 -7622
1057 -7618
1058 -7613
1059 -7609
1060 -7601
1061 -7595
1062 -7589
1063 -7583
1064 -7573
1065 -7564
1066 -7556
1067 -7545
1068 -7533
1069 -7520
1070 -7508
1071 -7495
1072 -7480
1073 -7465
1074 -7448
1075 -7431
1076 -7414
1077 -7394
1078 -7376
1079 -7360
1080 -7334
1081 -7316
1082 -7296
1083 -7275
1084 -7251
1085 -7231
1086 -7207
1087 -7184
1088 -7161
1089 -7139
1090 -7116
1091 -7097
1092 -7071
1093 -7052
1094 -7027
1095 -7004
1096 -6986
1097 -6966
1098 -6947
1099 -6927
1100 -6910
1101 -6895
1102 -6877
1103 -6863
1104 -6848
1105 -6834
1106 -6825
1107 -6813
1108 -6805
1109 -6797
1110 -6788
1111 -6787
1112 -6782
1113 -6778
1114 -6781
1115 -6778
1116 -6780
1117 -6783
1118 -6785
1119 -6790
1120 -6799
1121 -6805
1122 -6814
1123 -6824
1124 -6833
1125 -6848
1126 -6858
1127 -6874
1128 -6883
1129 -6901
1130 -6919
1131 -6935
1132 -6948
1133 -6965
1134 -6986
1135 -7002
1136 -7018
1137 -7040
1138 -7056
1139 -7073
1140 -7094
1141 -7112
1142 -7129
1143 -7146
1144 -7164
1145 -7184
1146 -7200
1147 -7217
1148 -7230
1149 -7249
1150 -7263
1151 -7277
1152 -7291
1153 -7306
1154 -7321
1155 -7332
1156 -7344
1157 -7356
1158 -7366
1159 -7375
1160 -7382
1161 -7393
1162 -7400
1163 -7408
1164 -7413
1165 -7418
1166 -7424
1167 -7429
1168 -7435
1169 -7435
1170 -7439
1171 -7440
1172 -7442
1173 -7441
1174 -7441
1175 -7441
1176 -7439
1177 -7438
1178 -7438
1179 -7436
1180 -7434
1181 -7431
1182 -7426
1183 -7424
1184 -7419
1185 -7417
1186 -7412
1187 -7408
1188 -7405
1189 -7402
1190 -7397
1191 -7395
1192 -7391
1193 -7387
1194 -7384
1195 -7384
1196 -7381
1197 -7380
1198 -7378
1199 -7378
1200 -7377
1201 -7378
1202 -7376
1203 -7381
1204 -7385
1205 -7389
1206 -7394
1207 -7399
1208 -7404
1209 -7414
1210 -7419
1211 -7428
1212 -7436
1213 -7446
1214 -7457
1215 -7471
1216 -7483
1217 -7497
1218 -7512
1219 -7528
1220 -7542
1221 -7560
1222 -7580
1223 -7596
1224 -7612
1225 -7638
1226 -7655
1227 -7676
1228 -7696
1229 -7718
1230 -7742
1231 -7762
1232 -7788
1233 -7810
1234 -7835
1235 -7860
1236 -7884
1237 -7911
1238 -7933
1239 -7960
1240 -7984
1241 -8007
1242 -8036
1243 -8055
1244 -8081
1245 -8105
1246 -8127
1247 -8152
1248 -8175
1249 -8201
1250 -8222
1251 -8247
1252 -8270
1253 -8287
1254 -8309
1255 -8333
1256 -8351
1257 -8373
1258 -8393
1259 -8411
1260 -8432
1261 -8447
1262 -8463
1263 -8484
1264 -8495
1265 -8513
1266 -8530
1267 -8543
1268 -8558
1269 -8573
1270 -8583
1271 -8594
1272 -8608
1273 -8616
1274 -8628
1275 -8638
1276 -8646
1277 -8656
1278 -8661
1279 -8669
1280 -8671
1281 -8679
1282 -8682
1283 -8687
1284 -8689
1285 -8688
1286 -8690
1287 -8691
1288 -8690
1289 -8689
1290 -8683
1291 -8684
1292 -8679
1293 -8676
1294 -8671
1295 -8660
1296 -8655
1297 -8651
1298 -8640
1299 -8631
1300 -8621
1301 -8614
1302 -8602
1303 -8594
1304 -8582
1305 -8570
1306 -8561
1307 -8549
1308 -8535
1309 -8523
1310 -8513
1311 -8500
1312 -8490
1313 -8475
1314 -8463
1315 -8450
1316 -8439
1317 -8429
1318 -8417
1319 -8408
1320 -8398
1321 -8388
1322 -8375
1323 -8366
1324 -8359
1325 -8350
1326 -8344
1327 -8333
1328 -8327
1329 -8322
1330 -8317
1331 -8312
1332 -8309
1333 -8300
1334 -8295
1335 -8288
1336 -8285
1337 -8283
1338 -8278
1339 -8272
1340 -8268
1341 -8264
1342 -8262
1343 -8259
1344 -8253
1345 -8245
1346 -8242
1347 -8239
1348 -8229
1349 -8223
1350 -8215
1351 -8206
1352 -8197
1353 -8190
1354 -8181
1355 -8170
1356 -8162
1357 -8147
1358 -8135
1359 -8124
1360 -8109
1361 -8096
1362 -8078
1363 -8062
1364 -8047
1365 -8031
1366 -8011
1367 -7995
1368 -7974
1369 -7961
1370 -7938
1371 -7920
1372 -7900
1373 -7882
1374 -7864
1375 -7842
1376 -7821
1377 -7804
1378 -7785
1379 -7762
1380 -7746
1381 -7728
1382 -7710
1383 -7689
1384 -7674
1385 -7654
1386 -7638
1387 -7622
1388 -7606
1389 -7591
1390 -7580
1391 -7564
1392 -7552
1393 -7539
1394 -7526
1395 -7517
1396 -7505
1397 -7497
1398 -7490
1399 -7483
1400 -7477
1401 -7470
1402 -7465
1403 -7457
1404 -7453
1405 -7453
1406 -7451
1407 -7449
1408 -7446
1409 -7447
1410 -7449
1411 -7451
1412 -7453
1413 -7453
1414 -7458
1415 -7463
1416 -7467
1417 -7474
1418 -7476
1419 -7484
1420 -7490
1421 -7494
1422 -7503
1423 -7513
1424 -7519
1425 -7527
1426 -7538
1427 -7545
1428 -7556
1429 -7563
1430 -7574
1431 -7580
1432 -7592
1433 -7601
1434 -7611
1435 -7621
1436 -7630
1437 -7642
1438 -7652
1439 -7659
1440 -7671
1441 -7680
1442 -7688
1443 -7700
1444 -7708
1445 -7717
1446 -7727
1447 -7732
1448 -7745
1449 -7752
1450 -7761
1451 -7767
1452 -7775
1453 -7782
1454 -7791
1455 -7796
1456 -7804
1457 -7806
1458 -7814
1459 -7821
1460 -7827
1461 -7836
1462 -7838
1463 -7845
1464 -7849
1465 -7855
1466 -7858
1467 -7863
1468 -7865
1469 -7872
1470 -7877
1471 -7878
1472 -7886
1473 -7889
1474 -7891
1475 -7895
1476 -7895
1477 -7901
1478 -7904
1479 -7907
1480 -7914
1481 -7915
1482 -7918
1483 -7920
1484 -7922
1485 -7924
1486 -7928
1487 -7930
1488 -7935
1489 -7934
1490 -7938
1491 -7939
1492 -7943
1493 -7945
1494 -7946
1495 -7947
1496 -7949
1497 -7951
1498 -7950
1499 -7953
1500 -7954
1501 -7955
1502 -7955
1503 -7957
1504 -7956
1505 -7955
1506 -7957
1507 -7957
1508 -7956
1509 -7957
1510 -7954
1511 -7954
1512 -7952
1513 -7951
1514 -7950
1515 -7949
1516 -7947
1517 -7947
1518 -7943
1519 -7944
1520 -7940
1521 -7942
1522 -7941
1523 -7941
1524 -7940
1525 -7941
1526 -7940
1527 -7940
1528 -7940
1529 -7940
1530 -7939
1531 -7940
1532 -7940
1533 -7942
1534 -7943
1535 -7948
1536 -7947
1537 -7950
1538 -7950
1539 -7958
1540 -7960
1541 -7964
1542 -7966
1543 -7971
1544 -7976
1545 -7983
1546 -7988
1547 -7991
1548 -7998
1549 -8003
1550 -8006
1551 -8014
1552 -8020
1553 -8027
1554 -8033
1555 -8036
1556 -8043
1557 -8049
1558 -8053
1559 -8058
1560 -8063
1561 -8070
1562 -8076
1563 -8082
1564 -8085
1565 -8092
1566 -8097
1567 -8100
1568 -8106
1569 -8111
1570 -8114
1571 -8118
1572 -8124
1573 -8125
1574 -8130
1575 -8133
1576 -8139
1577 -8139
1578 -8146
1579 -8148
1580 -8151
1581 -8153
1582 -8156
1583 -8157
1584 -8159
1585 -8163
1586 -8166
1587 -8166
1588 -8168
1589 -8170
1590 -8170
1591 -8169
1592 -8170
1593 -8174
1594 -8171
1595 -8172
1596 -8170
1597 -8170
1598 -8168
1599 -8164
1600 -8163
1601 -8159
1602 -8155
1603 -8153
1604 -8148
1605 -8143
1606 -8138
1607 -8133
1608 -8127
1609 -8121
1610 -8114
1611 -8106
1612 -8097
1613 -8092
1614 -8080
1615 -8072
1616 -8065
1617 -8054
1618 -8045
1619 -8035
1620 -8027
1621 -8012
1622 -8004
1623 -7993
1624 -7981
1625 -7971
1626 -7956
1627 -7943
1628 -7932
1629 -7921
1630 -7909
1631 -7895
1632 -7881
1633 -7869
1634 -7856
1635 -7841
1636 -7831
1637 -7818
1638 -7806
1639 -7791
1640 -7776
1641 -7762
1642 -7752
1643 -7736
1644 -7723
1645 -7709
1646 -7694
1647 -7683
1648 -7669
1649 -7656
1650 -7642
1651 -7628
1652 -7618
1653 -7605
1654 -7592
1655 -7581
1656 -7571
1657 -7562
1658 -7550
1659 -7536
1660 -7530
1661 -7522
1662 -7513
1663 -7509
1664 -7503
1665 -7499
1666 -7493
1667 -7491
1668 -7489
1669 -7490
1670 -7490
1671 -7493
1672 -7496
1673 -7500
1674 -7508
1675 -7515
1676 -7524
1677 -7535
1678 -7547
1679 -7560
1680 -7578
1681 -7593
1682 -7608
1683 -7624
1684 -7647
1685 -7671
1686 -7692
1687 -7713
1688 -7738
1689 -7761
1690 -7788
1691 -7813
1692 -7840
1693 -7866
1694 -7893
1695 -7918
1696 -7946
1697 -7972
1698 -7997
1699 -8024
1700 -8048
1701 -8071
1702 -8099
1703 -8121
1704 -8145
1705 -8164
1706 -8186
1707 -8204
1708 -8224
1709 -8242
1710 -8254
1711 -8269
1712 -8283
1713 -8294
1714 -8306
1715 -8314
1716 -8322
1717 -8327
1718 -8332
1719 -8338
1720 -8339
1721 -8339
1722 -8340
1723 -8337
1724 -8335
1725 -8330
1726 -8325
1727 -8318
1728 -8308
1729 -8305
1730 -8298
1731 -8285
1732 -8274
1733 -8263
1734 -8252
1735 -8239
1736 -8227
1737 -8214
1738 -8198
1739 -8187
1740 -8167
1741 -8154
1742 -8140
1743 -8122
1744 -8110
1745 -8092
1746 -8075
1747 -8060
1748 -8045
1749 -8031
1750 -8012
1751 -7999
1752 -7982
1753 -7966
1754 -7954
1755 -7939
1756 -7925
1757 -7909
1758 -7900
1759 -7887
1760 -7872
1761 -7864
1762 -7852
1763 -7841
1764 -7830
1765 -7819
1766 -7813
1767 -7805
1768 -7798
1769 -7795
1770 -7787
1771 -7784
1772 -7778
1773 -7774
1774 -7774
1775 -7772
1776 -7772
1777 -7770
1778 -7771
1779 -7777
1780 -7777
1781 -7782
1782 -7787
1783 -7790
1784 -7796
1785 -7803
1786 -7812
1787 -7821
1788 -7829
1789 -7839
1790 -7847
1791 -7858
1792 -7870
1793 -7883
1794 -7895
1795 -7909
1796 -7920
1797 -7931
1798 -7947
1799 -7958
1800 -7978
1801 -7990
1802 -8003
1803 -8017
1804 -8031
1805 -8045
1806 -8061
1807 -8073
1808 -8088
1809 -8097
1810 -8109
1811 -8125
1812 -8137
1813 -8146
1814 -8159
1815 -8168
1816 -8179
1817 -8188
1818 -8193
1819 -8206
1820 -8209
1821 -8216
1822 -8222
1823 -8227
1824 -8233
1825 -8234
1826 -8234
1827 -8238
1828 -8238
1829 -8238
1830 -8240
1831 -8236
1832 -8236
1833 -8235
1834 -8228
1835 -8224
1836 -8222
1837 -8214
1838 -8212
1839 -8207
1840 -8202
1841 -8191
1842 -8187
1843 -8178
1844 -8172
1845 -8165
1846 -8156
1847 -8151
1848 -8143
1849 -8138
1850 -8130
1851 -8122
1852 -8118
1853 -8107
1854 -8104
1855 -8097
1856 -8093
1857 -8088
1858 -8082
1859 -8080
1860 -8075
1861 -8073
1862 -8068
1863 -8067
1864 -8064
1865 -8062
1866 -8061
1867 -8063
1868 -8063
1869 -8062
1870 -8062
1871 -8063
1872 -8063
1873 -8066
1874 -8067
1875 -8070
1876 -8069
1877 -8071
1878 -8077
1879 -8076
1880 -8079
1881 -8082
1882 -8083
1883 -8084
1884 -8087
1885 -8089
1886 -8088
1887 -8090
1888 -8088
1889 -8086
1890 -8085
1891 -8088
1892 -8082
1893 -8078
1894 -8074
1895 -8071
1896 -8065
1897 -8062
1898 -8053
1899 -8046
1900 -8037
1901 -8028
1902 -8019
1903 -8008
1904 -7998
1905 -7986
1906 -7973
1907 -7964
1908 -7946
1909 -7935
1910 -7920
1911 -7902
1912 -7887
1913 -7870
1914 -7855
1915 -7839
1916 -7821
1917 -7804
1918 -7785
1919 -7771
1920 -7754
1921 -7735
1922 -7716
1923 -7697
1924 -7683
1925 -7665
1926 -7647
1927 -7632
1928 -7620
1929 -7601
1930 -7589
1931 -7572
1932 -7562
1933 -7547
1934 -7535
1935 -7524
1936 -7511
1937 -7501
1938 -7493
1939 -7485
1940 -7477
1941 -7468
1942 -7463
1943 -7456
1944 -7453
1945 -7448
1946 -7449
1947 -7448
1948 -7445
1949 -7442
1950 -7446
1951 -7446
1952 -7451
1953 -7451
1954 -7454
1955 -7460
1956 -7467
1957 -7473
1958 -7479
1959 -7486
1960 -7497
1961 -7503
1962 -7511
1963 -7519
1964 -7532
1965 -7543
1966 -7552
1967 -7562
1968 -7578
1969 -7588
1970 -7597
1971 -7611
1972 -7626
1973 -7637
1974 -7651
1975 -7662
1976 -7677
1977 -7689
1978 -7700
1979 -7713
1980 -7728
1981 -7737
1982 -7749
1983 -7761
1984 -7772
1985 -7780
1986 -7797
1987 -7803
1988 -7815
1989 -7821
1990 -7828
1991 -7838
1992 -7848
1993 -7852
1994 -7857
1995 -7863
1996 -7869
1997 -7872
1998 -7875
1999 -7878
2000 -7880
2001 -7880
2002 -7880
2003 -7881
2004 -7876
2005 -7874
2006 -7872
2007 -7868
2008 -7867
2009 -7860
2010 -7856
2011 -7849
2012 -7838
2013 -7832
2014 -7820
2015 -7817
2016 -7803
2017 -7794
2018 -7784
2019 -7772
2020 -7760
2021 -7750
2022 -7738
2023 -7725
2024 -7711
2025 -7693
2026 -7682
2027 -7665
2028 -7650
2029 -7636
2030 -7622
2031 -7609
2032 -7591
2033 -7578
2034 -7559
2035 -7543
2036 -7527
2037 -7512
2038 -7493
2039 -7475
2040 -7461
2041 -7444
2042 -7428
2043 -7411
2044 -7394
2045 -7380
2046 -7361
2047 -7346
2048 -7330
2049 -7311
2050 -7297
2051 -7284
2052 -7267
2053 -7255
2054 -7240
2055 -7225
2056 -7213
2057 -7201
2058 -7188
2059 -7177
2060 -7163
2061 -7152
2062 -7143
2063 -7132
2064 -7124
2065 -7115
2066 -7108
2067 -7097
2068 -7093
2069 -7089
2070 -7082
2071 -7077
2072 -7074
2073 -7071
2074 -7069
2075 -7066
2076 -7064
2077 -7061
2078 -7059
2079 -7062
2080 -7062
2081 -7060
2082 -7059
2083 -7064
2084 -7064
2085 -7069
2086 -7067
2087 -7073
2088 -7075
2089 -7079
2090 -7079
2091 -7085
2092 -7090
2093 -7095
2094 -7098
2095 -7106
2096 -7110
2097 -7115
2098 -7122
2099 -7128
2100 -7135
2101 -7143
2102 -7147
2103 -7158
2104 -7166
2105 -7175
2106 -7183
2107 -7193
2108 -7206
2109 -7213
2110 -7224
2111 -7234
2112 -7245
2113 -7256
2114 -7271
2115 -7282
2116 -7296
2117 -7306
2118 -7321
2119 -7333
2120 -7347
2121 -7361
2122 -7373
2123 -7388
2124 -7401
2125 -7412
2126 -7427
2127 -7438
2128 -7449
2129 -7462
2130 -7469
2131 -7481
2132 -7490
2133 -7498
2134 -7505
2135 -7513
2136 -7520
2137 -7527
2138 -7530
2139 -7535
2140 -7537
2141 -7537
2142 -7538
2143 -7539
2144 -7540
2145 -7537
2146 -7533
2147 -7532
2148 -7529
2149 -7527
2150 -7519
2151 -7515
2152 -7511
2153 -7506
2154 -7500
2155 -7496
2156 -7491
2157 -7485
2158 -7480
2159 -7477
2160 -7470
2161 -7467
2162 -7465
2163 -7461
2164 -7458
2165 -7458
2166 -7459
2167 -7463
2168 -7466
2169 -7467
2170 -7474
2171 -7481
2172 -7486
2173 -7497
2174 -7503
2175 -7515
2176 -7528
2177 -7541
2178 -7560
2179 -7573
2180 -7591
2181 -7610
2182 -7626
2183 -7648
2184 -7672
2185 -7690
2186 -7715
2187 -7737
2188 -7764
2189 -7786
2190 -7813
2191 -7839
2192 -7866
2193 -7891
2194 -7917
2195 -7943
2196 -7969
2197 -7994
2198 -8020
2199 -8044
2200 -8069
2201 -8094
2202 -8116
2203 -8135
2204 -8159
2205 -8182
2206 -8199
2207 -8216
2208 -8234
2209 -8250
2210 -8266
2211 -8280
2212 -8292
2213 -8305
2214 -8313
2215 -8320
2216 -8328
2217 -8335
2218 -8339
2219 -8341
2220 -8345
2221 -8343
2222 -8339
2223 -8340
2224 -8336
2225 -8332
2226 -8326
2227 -8316
2228 -8308
2229 -8299
2230 -8290
2231 -8278
2232 -8267
2233 -8252
2234 -8238
2235 -8229
2236 -8214
2237 -8198
2238 -8184
2239 -8171
2240 -8154
2241 -8140
2242 -8127
2243 -8111
2244 -8101
2245 -8083
2246 -8070
2247 -8059
2248 -8046
2249 -8036
2250 -8026
2251 -8014
2252 -8006
2253 -7995
2254 -7990
2255 -7981
2256 -7977
2257 -7972
2258 -7963
2259 -7960
2260 -7958
2261 -7953
2262 -7953
2263 -7951
2264 -7948
2265 -7945
2266 -7946
2267 -7941
2268 -7941
2269 -7937
2270 -7937
2271 -7929
2272 -7927
2273 -7920
2274 -7916
2275 -7911
2276 -7905
2277 -7899
2278 -7890
2279 -7884
2280 -7872
2281 -7862
2282 -7850
2283 -7837
2284 -7822
2285 -7808
2286 -7791
2287 -7773
2288 -7754
2289 -7735
2290 -7717
2291 -7696
2292 -7677
2293 -7653
2294 -7627
2295 -7606
2296 -7586
2297 -7560
2298 -7536
2299 -7513
2300 -7491
2301 -7470
2302 -7447
2303 -7428
2304 -7405
2305 -7387
2306 -7366
2307 -7348
2308 -7335
2309 -7315
2310 -7308
2311 -7292
2312 -7284
2313 -7276
2314 -7267
2315 -7262
2316 -7257
2317 -7256
2318 -7258
2319 -7258
2320 -7266
2321 -7268
2322 -7276
2323 -7287
2324 -7296
2325 -7308
2326 -7325
2327 -7339
2328 -7358
2329 -7375
2330 -7395
2331 -7414
2332 -7438
2333 -7460
2334 -7486
2335 -7509
2336 -7532
2337 -7559
2338 -7584
2339 -7610
2340 -7637
2341 -7662
2342 -7686
2343 -7711
2344 -7738
2345 -7764
2346 -7789
2347 -7811
2348 -7837
2349 -7857
2350 -7879
2351 -7901
2352 -7924
2353 -7941
2354 -7961
2355 -7982
2356 -8001
2357 -8016
2358 -8032
2359 -8046
2360 -8060
2361 -8072
2362 -8085
2363 -8095
2364 -8108
2365 -8116
2366 -8126
2367 -8133
2368 -8143
2369 -8151
2370 -8156
2371 -8165
2372 -8172
2373 -8180
2374 -8183
2375 -8189
2376 -8193
2377 -8198
2378 -8205
2379 -8211
2380 -8217
2381 -8223
2382 -8229
2383 -8234
2384 -8241
2385 -8248
2386 -8253
2387 -8263
2388 -8271
2389 -8279
2390 -8288
2391 -8298
2392 -8309
2393 -8318
2394 -8334
2395 -8345
2396 -8354
2397 -8370
2398 -8385
2399 -8394
2400 -8410
2401 -8426
2402 -8439
2403 -8456
2404 -8471
2405 -8485
2406 -8501
2407 -8514
2408 -8534
2409 -8546
2410 -8561
2411 -8580
2412 -8595
2413 -8606
2414 -8625
2415 -8638
2416 -8654
2417 -8664
2418 -8676
2419 -8690
2420 -8703
2421 -8712
2422 -8722
2423 -8733
2424 -8741
2425 -8751
2426 -8756
2427 -8762
2428 -8772
2429 -8774
2430 -8776
2431 -8780
2432 -8782
2433 -8784
2434 -8785
2435 -8785
2436 -8785
2437 -8784
2438 -8782
2439 -8779
2440 -8779
2441 -8776
2442 -8772
2443 -8769
2444 -8766
2445 -8763
2446 -8757
2447 -8752
2448 -8750
2449 -8747
2450 -8745
2451 -8738
2452 -8737
2453 -8735
2454 -8731
2455 -8730
2456 -8727
2457 -8729
2458 -8726
2459 -8727
2460 -8729
2461 -8731
2462 -8733
2463 -8737
2464 -8741
2465 -8747
2466 -8749
2467 -8757
2468 -8764
2469 -8768
2470 -8775
2471 -8782
2472 -8793
2473 -8801
2474 -8813
2475 -8823
2476 -8833
2477 -8849
2478 -8855
2479 -8869
2480 -8880
2481 -8895
2482 -8907
2483 -8919
2484 -8936
2485 -8949
2486 -8959
2487 -8974
2488 -8985
2489 -8998
2490 -9014
2491 -9021
2492 -9032
2493 -9047
2494 -9058
2495 -9067
2496 -9079
2497 -9085
2498 -9094
2499 -9103
2500 -9108
2501 -9114
2502 -9120
2503 -9125
2504 -9129
2505 -9133
2506 -9136
2507 -9139
2508 -9140
2509 -9139
2510 -9139
2511 -9138
2512 -9135
2513 -9134
2514 -9132
2515 -9129
2516 -9126
2517 -9122
2518 -9117
2519 -9112
2520 -9105
2521 -9098
2522 -9094
2523 -9086
2524 -9080
2525 -9072
2526 -9067
2527 -9059
2528 -9051
2529 -9045
2530 -9040
2531 -9031
2532 -9027
2533 -9019
2534 -9014
2535 -9006
2536 -9000
2537 -8996
2538 -8990
2539 -8987
2540 -8979
2541 -8975
2542 -8972
2543 -8966
2544 -8965
2545 -8957
2546 -8955
2547 -8954
2548 -8945
2549 -8945
2550 -8940
2551 -8939
2552 -8936
2553 -8934
2554 -8932
2555 -8924
2556 -8922
2557 -8918
2558 -8918
2559 -8913
2560 -8908
2561 -8908
2562 -8903
2563 -8897
2564 -8893
2565 -8891
2566 -8883
2567 -8880
2568 -8878
2569 -8872
2570 -8866
2571 -8857
2572 -8855
2573 -8850
2574 -8842
2575 -8838
2576 -8829
2577 -8820
2578 -8817
2579 -8807
2580 -8798
2581 -8793
2582 -8783
2583 -8775
2584 -8763
2585 -8755
2586 -8746
2587 -8733
2588 -8725
2589 -8714
2590 -8702
2591 -8690
2592 -8679
2593 -8663
2594 -8653
2595 -8638
2596 -8623
2597 -8609
2598 -8595
2599 -8577
2600 -8562
2601 -8547
2602 -8530
2603 -8513
2604 -8496
2605 -8475
2606 -8460
2607 -8436
2608 -8419
2609 -8397
2610 -8377
2611 -8358
2612 -8337
2613 -8317
2614 -8297
2615 -8276
2616 -8257
2617 -8235
2618 -8218
2619 -8195
2620 -8178
2621 -8157
2622 -8140
2623 -8121
2624 -8106
2625 -8092
2626 -8075
2627 -8059
2628 -8046
2629 -8036
2630 -8025
2631 -8017
2632 -8007
2633 -7999
2634 -7991
2635 -7988
2636 -7984
2637 -7983
2638 -7980
2639 -7981
2640 -7983
2641 -7986
2642 -7992
2643 -7995
2644 -8004
2645 -8009
2646 -8019
2647 -8032
2648 -8039
2649 -8053
2650 -8067
2651 -8077
2652 -8094
2653 -8106
2654 -8125
2655 -8138
2656 -8153
2657 -8172
2658 -8189
2659 -8208
2660 -8221
2661 -8238
2662 -8256
2663 -8274
2664 -8291
2665 -8305
2666 -8321
2667 -8336
2668 -8351
2669 -8366
2670 -8381
2671 -8394
2672 -8407
2673 -8419
2674 -8431
2675 -8439
2676 -8449
2677 -8454
2678 -8465
2679 -8475
2680 -8480
2681 -8486
2682 -8490
2683 -8493
2684 -8498
2685 -8503
2686 -8500
2687 -8503
2688 -8506
2689 -8506
2690 -8508
2691 -8501
2692 -8502
2693 -8497
2694 -8495
2695 -8493
2696 -8486
2697 -8480
2698 -8474
2699 -8469
2700 -8463
2701 -8452
2702 -8447
2703 -8439
2704 -8430
2705 -8422
2706 -8416
2707 -8404
2708 -8393
2709 -8380
2710 -8370
2711 -8361
2712 -8349
2713 -8339
2714 -8325
2715 -8313
2716 -8305
2717 -8290
2718 -8275
2719 -8264
2720 -8250
2721 -8237
2722 -8228
2723 -8214
2724 -8198
2725 -8184
2726 -8171
2727 -8158
2728 -8141
2729 -8127
2730 -8112
2731 -8102
2732 -8087
2733 -8070
2734 -8057
2735 -8042
2736 -8024
2737 -8010
2738 -7998
2739 -7982
2740 -7961
2741 -7947
2742 -7931
2743 -7912
2744 -7895
2745 -7878
2746 -7861
2747 -7843
2748 -7821
2749 -7805
2750 -7783
2751 -7765
2752 -7744
2753 -7724
2754 -7701
2755 -7677
2756 -7655
2757 -7632
2758 -7607
2759 -7584
2760 -7558
2761 -7535
2762 -7510
2763 -7485
2764 -7456
2765 -7431
2766 -7404
2767 -7378
2768 -7350
2769 -7325
2770 -7294
2771 -7268
2772 -7240
2773 -7211
2774 -7186
2775 -7160
2776 -7133
2777 -7107
2778 -7081
2779 -7052
2780 -7031
2781 -7006
2782 -6981
2783 -6958
2784 -6936
2785 -6917
2786 -6893
2787 -6877
2788 -6856
2789 -6840
2790 -6825
2791 -6808
2792 -6793
2793 -6781
2794 -6768
2795 -6760
2796 -6750
2797 -6743
2798 -6735
2799 -6733
2800 -6726
2801 -6723
2802 -6723
2803 -6724
2804 -6726
2805 -6730
2806 -6735
2807 -6741
2808 -6748
2809 -6757
2810 -6766
2811 -6779
2812 -6791
2813 -6804
2814 -6820
2815 -6832
2816 -6848
2817 -6869
2818 -6887
2819 -6903
2820 -6927
2821 -6946
2822 -6972
2823 -6993
2824 -7017
2825 -7040
2826 -7065
2827 -7095
2828 -7117
2829 -7144
2830 -7167
2831 -7192
2832 -7224
2833 -7248
2834 -7274
2835 -7296
2836 -7322
2837 -7349
2838 -7373
2839 -7394
2840 -7420
2841 -7441
2842 -7466
2843 -7489
2844 -7509
2845 -7525
2846 -7545
2847 -7563
2848 -7576
2849 -7593
2850 -7606
2851 -7618
2852 -7630
2853 -7638
2854 -7650
2855 -7653
2856 -7661
2857 -7666
2858 -7669
2859 -7667
2860 -7671
2861 -7673
2862 -7672
2863 -7667
2864 -7661
2865 -7657
2866 -7653
2867 -7644
2868 -7634
2869 -7625
2870 -7617
2871 -7608
2872 -7596
2873 -7580
2874 -7573
2875 -7559
2876 -7545
2877 -7532
2878 -7522
2879 -7508
2880 -7494
2881 -7482
2882 -7467
2883 -7453
2884 -7445
2885 -7430
2886 -7420
2887 -7410
2888 -7399
2889 -7390
2890 -7379
2891 -7369
2892 -7362
2893 -7354
2894 -7349
2895 -7342
2896 -7336
2897 -7332
2898 -7331
2899 -7327
2900 -7326
2901 -7322
2902 -7321
2903 -7320
2904 -7319
2905 -7322
2906 -7323
2907 -7323
2908 -7325
2909 -7327
2910 -7323
2911 -7329
2912 -7331
2913 -7333
2914 -7337
2915 -7334
2916 -7335
2917 -7337
2918 -7338
2919 -7336
2920 -7334
2921 -7332
2922 -7328
2923 -7327
2924 -7320
2925 -7317
2926 -7311
2927 -7304
2928 -7295
2929 -7286
2930 -7276
2931 -7262
2932 -7247
2933 -7235
2934 -7220
2935 -7203
2936 -7186
2937 -7169
2938 -7149
2939 -7128
2940 -7107
2941 -7084
2942 -7063
2943 -7036
2944 -7013
2945 -6987
2946 -6959
2947 -6935
2948 -6904
2949 -6874
2950 -6852
2951 -6824
2952 -6793
2953 -6768
2954 -6740
2955 -6712
2956 -6687
2957 -6659
2958 -6632
2959 -6606
2960 -6582
2961 -6559
2962 -6536
2963 -6512
2964 -6492
2965 -6473
2966 -6453
2967 -6434
2968 -6414
2969 -6402
2970 -6384
2971 -6369
2972 -6359
2973 -6347
2974 -6337
2975 -6328
2976 -6320
2977 -6314
2978 -6308
2979 -6303
2980 -6302
2981 -6303
2982 -6302
2983 -6301
2984 -6300
2985 -6303
2986 -6304
2987 -6310
2988 -6314
2989 -6320
2990 -6325
2991 -6332
2992 -6338
2993 -6347
2994 -6355
2995 -6364
2996 -6372
2997 -6381
2998 -6392
2999 -6403
3000 -6413
3001 -6424
3002 -6435
3003 -6444
3004 -6455
3005 -6466
3006 -6480
3007 -6490
3008 -6502
3009 -6513
3010 -6525
3011 -6537
3012 -6547
3013 -6558
3014 -6570
3015 -6579
3016 -6590
3017 -6602
3018 -6609
3019 -6624
3020 -6632
3021 -6642
3022 -6650
3023 -6658
3024 -6666
3025 -6676
3026 -6683
3027 -6692
3028 -6699
3029 -6709
3030 -6715
3031 -6721
3032 -6728
3033 -6736
3034 -6737
3035 -6743
3036 -6748
3037 -6756
3038 -6759
3039 -6759
3040 -6763
3041 -6768
3042 -6768
3043 -6773
3044 -6772
3045 -6775
3046 -6777
3047 -6778
3048 -6777
3049 -6777
3050 -6773
3051 -6776
3052 -6775
3053 -6774
3054 -6772
3055 -6768
3056 -6766
3057 -6762
3058 -6761
3059 -6756
3060 -6751
3061 -6744
3062 -6740
3063 -6734
3064 -6723
3065 -6721
3066 -6713
3067 -6706
3068 -6695
3069 -6690
3070 -6679
3071 -6668
3072 -6656
3073 -6645
3074 -6630
3075 -6618
3076 -6601
3077 -6585
3078 -6573
3079 -6554
3080 -6538
3081 -6521
3082 -6498
3083 -6481
3084 -6460
3085 -6435
3086 -6412
3087 -6394
3088 -6369
3089 -6342
3090 -6315
3091 -6293
3092 -6269
3093 -6240
3094 -6214
3095 -6185
3096 -6159
3097 -6130
3098 -6107
3099 -6079
3100 -6050
3101 -6025
3102 -6001
3103 -5977
3104 -5953
3105 -5928
3106 -5908
3107 -5885
3108 -5868
3109 -5847
3110 -5829
3111 -5809
3112 -5796
3113 -5786
3114 -5772
3115 -5762
3116 -5755
3117 -5750
3118 -5746
3119 -5743
3120 -5743
3121 -5741
3122 -5744
3123 -5749
3124 -5758
3125 -5764
3126 -5775
3127 -5781
3128 -5796
3129 -5811
3130 -5829
3131 -5843
3132 -5863
3133 -5882
3134 -5898
3135 -5922
3136 -5945
3137 -5969
3138 -5992
3139 -6015
3140 -6034
3141 -6059
3142 -6085
3143 -6111
3144 -6132
3145 -6157
3146 -6182
3147 -6203
3148 -6226
3149 -6249
3150 -6271
3151 -6290
3152 -6312
3153 -6334
3154 -6353
3155 -6369
3156 -6390
3157 -6408
3158 -6420
3159 -6435
3160 -6450
3161 -6461
3162 -6477
3163 -6488
3164 -6497
3165 -6507
3166 -6513
3167 -6521
3168 -6530
3169 -6538
3170 -6538
3171 -6542
3172 -6547
3173 -6547
3174 -6552
3175 -6548
3176 -6549
3177 -6545
3178 -6542
3179 -6540
3180 -6539
3181 -6533
3182 -6526
3183 -6520
3184 -6512
3185 -6506
3186 -6495
3187 -6486
3188 -6475
3189 -6463
3190 -6452
3191 -6440
3192 -6424
3193 -6410
3194 -6400
3195 -6380
3196 -6367
3197 -6353
3198 -6334
3199 -6315
3200 -6301
3201 -6283
3202 -6264
3203 -6245
3204 -6227
3205 -6209
3206 -6188
3207 -6168
3208 -6151
3209 -6134
3210 -6111
3211 -6092
3212 -6073
3213 -6055
3214 -6033
3215 -6018
3216 -5997
3217 -5980
3218 -5963
3219 -5946
3220 -5928
3221 -5909
3222 -5896
3223 -5879
3224 -5866
3225 -5852
3226 -5839
3227 -5823
3228 -5811
3229 -5800
3230 -5789
3231 -5777
3232 -5766
3233 -5757
3234 -5746
3235 -5736
3236 -5729
3237 -5719
3238 -5709
3239 -5702
3240 -5695
3241 -5688
3242 -5681
3243 -5674
3244 -5668
3245 -5660
3246 -5655
3247 -5648
3248 -5641
3249 -5636
3250 -5629
3251 -5623
3252 -5617
3253 -5612
3254 -5603
3255 -5599
3256 -5591
3257 -5587
3258 -5577
3259 -5573
3260 -5565
3261 -5557
3262 -5549
3263 -5542
3264 -5533
3265 -5528
3266 -5518
3267 -5512
3268 -5503
3269 -5494
3270 -5487
3271 -5478
3272 -5470
3273 -5460
3274 -5451
3275 -5445
3276 -5434
3277 -5426
3278 -5416
3279 -5408
3280 -5402
3281 -5391
3282 -5382
3283 -5372
3284 -5364
3285 -5355
3286 -5346
3287 -5336
3288 -5331
3289 -5322
3290 -5311
3291 -5304
3292 -5296
3293 -5287
3294 -5280
3295 -5270
3296 -5262
3297 -5252
3298 -5244
3299 -5233
3300 -5224
3301 -5219
3302 -5204
3303 -5195
3304 -5186
3305 -5175
3306 -5164
3307 -5148
3308 -5137
3309 -5124
3310 -5109
3311 -5098
3312 -5082
3313 -5067
3314 -5053
3315 -5033
3316 -5017
3317 -5001
3318 -4985
3319 -4963
3320 -4943
3321 -4924
3322 -4906
3323 -4882
3324 -4861
3325 -4838
3326 -4816
3327 -4792
3328 -4769
3329 -4745
3330 -4722
3331 -4698
3332 -4672
3333 -4647
3334 -4624
3335 -4601
3336 -4573
3337 -4548
3338 -4528
3339 -4503
3340 -4480
3341 -4457
3342 -4433
3343 -4410
3344 -4392
3345 -4373
3346 -4351
3347 -4331
3348 -4313
3349 -4298
3350 -4284
3351 -4269
3352 -4254
3353 -4243
3354 -4231
3355 -4219
3356 -4208
3357 -4201
3358 -4193
3359 -4188
3360 -4186
3361 -4183
3362 -4177
3363 -4176
3364 -4178
3365 -4178
3366 -4181
3367 -4183
3368 -4184
3369 -4188
3370 -4193
3371 -4201
3372 -4211
3373 -4218
3374 -4224
3375 -4234
3376 -4241
3377 -4254
3378 -4263
3379 -4274
3380 -4286
3381 -4299
3382 -4310
3383 -4323
3384 -4336
3385 -4350
3386 -4361
3387 -4376
3388 -4390
3389 -4403
3390 -4416
3391 -4432
3392 -4443
3393 -4457
3394 -4473
3395 -4485
3396 -4499
3397 -4513
3398 -4527
3399 -4542
3400 -4555
3401 -4566
3402 -4582
3403 -4592
3404 -4604
3405 -4621
3406 -4630
3407 -4644
3408 -4654
3409 -4667
3410 -4676
3411 -4688
3412 -4696
3413 -4708
3414 -4718
3415 -4729
3416 -4737
3417 -4744
3418 -4753
3419 -4759
3420 -4767
3421 -4772
3422 -4783
3423 -4784
3424 -4792
3425 -4795
3426 -4800
3427 -4802
3428 -4807
3429 -4810
3430 -4814
3431 -4813
3432 -4817
3433 -4819
3434 -4819
3435 -4822
3436 -4820
3437 -4820
3438 -4825
3439 -4825
3440 -4822
3441 -4825
3442 -4827
3443 -4830
3444 -4832
3445 -4832
3446 -4835
3447 -4839
3448 -4840
3449 -4839
3450 -4843
3451 -4849
3452 -4850
3453 -4855
3454 -4858
3455 -4863
3456 -4867
3457 -4871
3458 -4877
3459 -4879
3460 -4880
3461 -4886
3462 -4887
3463 -4888
3464 -4890
3465 -4890
3466 -4886
3467 -4883
3468 -4878
3469 -4869
3470 -4861
3471 -4846
3472 -4829
3473 -4809
3474 -4784
3475 -4760
3476 -4722
3477 -4683
3478 -4640
3479 -4588
3480 -4531
3481 -4468
3482 -4397
3483 -4320
3484 -4228
3485 -4130
3486 -4025
3487 -3907
3488 -3777
3489 -3637
3490 -3487
3491 -3325
3492 -3146
3493 -2959
3494 -2752
3495 -2532
3496 -2298
3497 -2049
3498 -1785
3499 -1498
3500 -1204
3501 -892
3502 -562
3503 -213
3504 154
3505 538
3506 944
3507 1365
3508 1808
3509 2269
3510 2749
3511 3249
3512 3763
3513 4297
3514 4849
3515 5418
3516 6006
3517 6611
3518 7228
3519 7866
3520 8513
3521 9179
3522 9858
3523 10548
3524 11251
3525 11967
3526 12696
3527 13431
3528 14177
3529 14929
3530 15690
3531 16458
3532 17227
3533 18006
3534 18790
3535 19572
3536 20357
3537 21144
3538 21930
3539 22716
3540 23501
3541 24282
3542 25064
3543 25840
3544 26611
3545 27380
3546 28142
3547 28898
3548 29651
3549 30396
3550 31135
3551 31863
3552 32590
3553 33307
3554 34015
3555 34717
3556 35413
3557 36099
3558 36783
3559 37455
3560 38120
3561 38779
3562 39432
3563 40076
3564 40715
3565 41349
3566 41975
3567 42593
3568 43208
3569 43819
3570 44420
3571 45018
3572 45611
3573 46194
3574 46778
3575 47355
3576 47925
3577 48490
3578 49051
3579 49606
3580 50156
3581 50699
3582 51237
3583 51763
3584 52291
3585 52808
3586 53318
3587 53824
3588 54322
3589 54808
3590 55284
3591 55757
3592 56218
3593 56673
3594 57110
3595 57542
3596 57960
3597 58370
3598 58766
3599 59148
3600 59520
3601 59879
3602 60224
3603 60554
3604 60872
3605 61178
3606 61464
3607 61739
3608 61995
3609 62243
3610 62470
3611 62682
3612 62881
3613 63064
3614 63229
3615 63383
3616 63516
3617 63640
3618 63747
3619 63836
3620 63915
3621 63975
3622 64022
3623 64054
3624 64072
3625 64077
3626 64070
3627 64048
3628 64012
3629 63969
3630 63908
3631 63837
3632 63755
3633 63665
3634 63562
3635 63447
3636 63325
3637 63195
3638 63055
3639 62903
3640 62747
3641 62581
3642 62409
3643 62232
3644 62048
3645 61856
3646 61662
3647 61465
3648 61260
3649 61051
3650 60840
3651 60629
3652 60416
3653 60202
3654 59985
3655 59770
3656 59553
3657 59337
3658 59124
3659 58919
3660 58712
3661 58512
3662 58321
3663 58128
3664 57952
3665 57773
3666 57613
3667 57460
3668 57319
3669 57193
3670 57077
3671 56983
3672 56897
3673 56835
3674 56791
3675 56767
3676 56766
3677 56789
3678 56835
3679 56909
3680 57014
3681 57143
3682 57309
3683 57502
3684 57732
3685 57997
3686 58298
3687 58639
3688 59017
3689 59438
3690 59903
3691 60407
3692 60962
3693 61563
3694 62206
3695 62899
3696 63644
3697 64435
3698 65279
3699 66172
3700 67118
3701 68115
3702 69165
3703 70264
3704 71420
3705 72627
3706 73884
3707 75191
3708 76550
3709 77958
3710 79415
3711 80918
3712 82469
3713 84070
3714 85706
3715 87392
3716 89117
3717 90875
3718 92676
3719 94505
3720 96375
3721 98268
3722 100192
3723 102139
3724 104113
3725 106101
3726 108112
3727 110137
3728 112172
3729 114218
3730 116269
3731 118326
3732 120386
3733 122441
3734 124493
3735 126540
3736 128575
3737 130600
3738 132609
3739 134601
3740 136578
3741 138528
3742 140453
3743 142357
3744 144227
3745 146071
3746 147880
3747 149659
3748 151395
3749 153097
3750 154756
3751 156378
3752 157958
3753 159493
3754 160981
3755 162425
3756 163820
3757 165167
3758 166465
3759 167714
3760 168909
3761 170053
3762 171148
3763 172191
3764 173174
3765 174108
3766 174984
3767 175809
3768 176580
3769 177293
3770 177950
3771 178556
3772 179102
3773 179597
3774 180036
3775 180421
3776 180746
3777 181019
3778 181237
3779 181404
3780 181517
3781 181573
3782 181579
3783 181532
3784 181434
3785 181287
3786 181088
3787 180840
3788 180540
3789 180195
3790 179796
3791 179359
3792 178872
3793 178343
3794 177766
3795 177147
3796 176488
3797 175786
3798 175047
3799 174268
3800 173448
3801 172598
3802 171707
3803 170789
3804 169835
3805 168849
3806 167834
3807 166792
3808 165722
3809 164627
3810 163506
3811 162363
3812 161201
3813 160015
3814 158816
3815 157593
3816 156361
3817 155116
3818 153852
3819 152581
3820 151299
3821 150010
3822 148716
3823 147411
3824 146106
3825 144797
3826 143491
3827 142181
3828 140874
3829 139567
3830 138267
3831 136970
3832 135680
3833 134395
3834 133119
3835 131854
3836 130596
3837 129349
3838 128118
3839 126895
3840 125682
3841 124482
3842 123300
3843 122132
3844 120979
3845 119837
3846 118717
3847 117606
3848 116513
3849 115436
3850 114374
3851 113331
3852 112301
3853 111292
3854 110292
3855 109313
3856 108343
3857 107394
3858 106458
3859 105537
3860 104628
3861 103737
3862 102858
3863 101991
3864 101137
3865 100300
3866 99470
3867 98653
3868 97846
3869 97051
3870 96266
3871 95492
3872 94729
3873 93975
3874 93231
3875 92492
3876 91766
3877 91044
3878 90338
3879 89634
3880 88940
3881 88256
3882 87576
3883 86905
3884 86243
3885 85588
3886 84943
3887 84300
3888 83675
3889 83051
3890 82437
3891 81834
3892 81235
3893 80650
3894 80072
3895 79501
3896 78942
3897 78393
3898 77853
3899 77325
3900 76805
3901 76298
3902 75801
3903 75313
3904 74836
3905 74367
3906 73915
3907 73472
3908 73038
3909 72621
3910 72206
3911 71811
3912 71426
3913 71049
3914 70685
3915 70332
3916 69992
3917 69661
3918 69341
3919 69033
3920 68737
3921 68451
3922 68174
3923 67914
3924 67659
3925 67416
3926 67182
3927 66958
3928 66745
3929 66544
3930 66350
3931 66163
3932 65992
3933 65828
3934 65672
3935 65526
3936 65391
3937 65260
3938 65139
3939 65028
3940 64924
3941 64826
3942 64740
3943 64659
3944 64583
3945 64518
3946 64457
3947 64407
3948 64359
3949 64318
3950 64280
3951 64251
3952 64226
3953 64206
3954 64192
3955 64182
3956 64176
3957 64170
3958 64175
3959 64180
3960 64187
3961 64199
3962 64211
3963 64225
3964 64244
3965 64265
3966 64289
3967 64316
3968 64340
3969 64364
3970 64397
3971 64424
3972 64453
3973 64490
3974 64523
3975 64556
3976 64589
3977 64625
3978 64665
3979 64702
3980 64740
3981 64784
3982 64824
3983 64870
3984 64916
3985 64967
3986 65022
3987 65076
3988 65135
3989 65198
3990 65267
3991 65340
3992 65414
3993 65500
3994 65589
3995 65686
3996 65794
3997 65906
3998 66027
3999 66161
4000 66304
4001 66458
4002 66625
4003 66805
4004 66999
4005 67204
4006 67427
4007 67665
4008 67919
4009 68191
4010 68478
4011 68788
4012 69117
4013 69462
4014 69830
4015 70218
4016 70629
4017 71063
4018 71517
4019 71995
4020 72497
4021 73020
4022 73572
4023 74139
4024 74739
4025 75355
4026 76001
4027 76667
4028 77358
4029 78071
4030 78806
4031 79563
4032 80340
4033 81140
4034 81963
4035 82800
4036 83655
4037 84530
4038 85421
4039 86325
4040 87248
4041 88179
4042 89122
4043 90076
4044 91041
4045 92009
4046 92985
4047 93966
4048 94948
4049 95929
4050 96916
4051 97900
4052 98873
4053 99849
4054 100817
4055 101774
4056 102723
4057 103659
4058 104582
4059 105491
4060 106384
4061 107262
4062 108120
4063 108961
4064 109780
4065 110574
4066 111348
4067 112100
4068 112825
4069 113524
4070 114197
4071 114843
4072 115463
4073 116053
4074 116613
4075 117148
4076 117652
4077 118125
4078 118572
4079 118988
4080 119376
4081 119731
4082 120058
4083 120355
4084 120624
4085 120863
4086 121072
4087 121258
4088 121410
4089 121537
4090 121636
4091 121710
4092 121756
4093 121776
4094 121772
4095 121746
4096 121691
4097 121612
4098 121509
4099 121390
4100 121244
4101 121076
4102 120889
4103 120681
4104 120451
4105 120204
4106 119941
4107 119655
4108 119355
4109 119033
4110 118696
4111 118346
4112 117979
4113 117602
4114 117206
4115 116796
4116 116373
4117 115939
4118 115494
4119 115037
4120 114567
4121 114091
4122 113603
4123 113106
4124 112601
4125 112092
4126 111575
4127 111047
4128 110518
4129 109989
4130 109449
4131 108909
4132 108365
4133 107819
4134 107267
4135 106724
4136 106172
4137 105622
4138 105076
4139 104529
4140 103986
4141 103444
4142 102899
4143 102363
4144 101834
4145 101303
4146 100779
4147 100261
4148 99744
4149 99234
4150 98726
4151 98230
4152 97734
4153 97248
4154 96763
4155 96284
4156 95814
4157 95346
4158 94883
4159 94430
4160 93977
4161 93531
4162 93092
4163 92654
4164 92220
4165 91794
4166 91373
4167 90949
4168 90532
4169 90119
4170 89709
4171 89300
4172 88896
4173 88494
4174 88096
4175 87697
4176 87304
4177 86908
4178 86519
4179 86132
4180 85744
4181 85364
4182 84984
4183 84603
4184 84228
4185 83855
4186 83483
4187 83120
4188 82756
4189 82395
4190 82040
4191 81689
4192 81340
4193 81000
4194 80662
4195 80331
4196 80003
4197 79679
4198 79366
4199 79052
4200 78753
4201 78454
4202 78159
4203 77875
4204 77595
4205 77319
4206 77049
4207 76789
4208 76528
4209 76276
4210 76029
4211 75789
4212 75545
4213 75313
4214 75076
4215 74846
4216 74617
4217 74392
4218 74165
4219 73941
4220 73709
4221 73482
4222 73256
4223 73020
4224 72785
4225 72544
4226 72303
4227 72056
4228 71802
4229 71544
4230 71277
4231 71002
4232 70723
4233 70434
4234 70137
4235 69830
4236 69518
4237 69192
4238 68861
4239 68518
4240 68168
4241 67805
4242 67438
4243 67054
4244 66668
4245 66271
4246 65863
4247 65450
4248 65027
4249 64597
4250 64156
4251 63709
4252 63258
4253 62798
4254 62332
4255 61864
4256 61388
4257 60908
4258 60422
4259 59936
4260 59444
4261 58952
4262 58456
4263 57956
4264 57455
4265 56955
4266 56452
4267 55952
4268 55449
4269 54943
4270 54443
4271 53941
4272 53437
4273 52939
4274 52440
4275 51939
4276 51442
4277 50946
4278 50450
4279 49958
4280 49468
4281 48977
4282 48489
4283 48002
4284 47516
4285 47035
4286 46554
4287 46073
4288 45597
4289 45120
4290 44646
4291 44174
4292 43704
4293 43238
4294 42772
4295 42308
4296 41847
4297 41391
4298 40934
4299 40482
4300 40032
4301 39587
4302 39145
4303 38709
4304 38272
4305 37844
4306 37420
4307 37002
4308 36587
4309 36179
4310 35775
4311 35378
4312 34989
4313 34604
4314 34227
4315 33855
4316 33497
4317 33141
4318 32794
4319 32456
4320 32131
4321 31809
4322 31492
4323 31192
4324 30894
4325 30609
4326 30335
4327 30067
4328 29812
4329 29561
4330 29320
4331 29094
4332 28871
4333 28660
4334 28460
4335 28268
4336 28084
4337 27906
4338 27741
4339 27580
4340 27430
4341 27286
4342 27149
4343 27023
4344 26901
4345 26788
4346 26678
4347 26579
4348 26480
4349 26391
4350 26305
4351 26225
4352 26148
4353 26073
4354 26007
4355 25943
4356 25881
4357 25822
4358 25768
4359 25711
4360 25659
4361 25608
4362 25560
4363 25513
4364 25462
4365 25414
4366 25368
4367 25321
4368 25280
4369 25229
4370 25183
4371 25130
4372 25082
4373 25031
4374 24982
4375 24927
4376 24875
4377 24819
4378 24759
4379 24698
4380 24638
4381 24579
4382 24510
4383 24446
4384 24377
4385 24307
4386 24237
4387 24162
4388 24087
4389 24011
4390 23936
4391 23854
4392 23775
4393 23694
4394 23613
4395 23531
4396 23445
4397 23362
4398 23277
4399 23189
4400 23106
4401 23020
4402 22933
4403 22847
4404 22761
4405 22680
4406 22595
4407 22511
4408 22427
4409 22346
4410 22265
4411 22184
4412 22104
4413 22027
4414 21948
4415 21875
4416 21800
4417 21723
4418 21653
4419 21582
4420 21508
4421 21440
4422 21374
4423 21304
4424 21238
4425 21168
4426 21102
4427 21038
4428 20973
4429 20908
4430 20843
4431 20779
4432 20711
4433 20645
4434 20579
4435 20508
4436 20437
4437 20364
4438 20294
4439 20219
4440 20142
4441 20062
4442 19986
4443 19902
4444 19817
4445 19732
4446 19641
4447 19548
4448 19456
4449 19359
4450 19261
4451 19162
4452 19059
4453 18953
4454 18846
4455 18733
4456 18626
4457 18510
4458 18395
4459 18275
4460 18159
4461 18041
4462 17919
4463 17800
4464 17677
4465 17554
4466 17436
4467 17313
4468 17190
4469 17070
4470 16952
4471 16835
4472 16719
4473 16601
4474 16485
4475 16372
4476 16263
4477 16155
4478 16049
4479 15942
4480 15841
4481 15741
4482 15646
4483 15547
4484 15456
4485 15365
4486 15280
4487 15194
4488 15114
4489 15034
4490 14958
4491 14884
4492 14809
4493 14736
4494 14670
4495 14600
4496 14536
4497 14471
4498 14410
4499 14350
4500 14290
4501 14231
4502 14174
4503 14118
4504 14061
4505 14008
4506 13951
4507 13895
4508 13843
4509 13784
4510 13731
4511 13677
4512 13624
4513 13568
4514 13514
4515 13458
4516 13404
4517 13348
4518 13290
4519 13236
4520 13178
4521 13121
4522 13063
4523 13005
4524 12942
4525 12883
4526 12821
4527 12763
4528 12701
4529 12641
4530 12579
4531 12515
4532 12455
4533 12390
4534 12327
4535 12264
4536 12201
4537 12135
4538 12072
4539 12008
4540 11943
4541 11879
4542 11813
4543 11750
4544 11684
4545 11618
4546 11551
4547 11488
4548 11423
4549 11359
4550 11292
4551 11227
4552 11162
4553 11094
4554 11026
4555 10962
4556 10892
4557 10824
4558 10757
4559 10689
4560 10622
4561 10551
4562 10480
4563 10413
4564 10344
4565 10275
4566 10203
4567 10131
4568 10061
4569 9987
4570 9915
4571 9842
4572 9771
4573 9698
4574 9626
4575 9553
4576 9476
4577 9407
4578 9333
4579 9262
4580 9190
4581 9118
4582 9048
4583 8978
4584 8907
4585 8841
4586 8772
4587 8707
4588 8640
4589 8574
4590 8515
4591 8457
4592 8397
4593 8338
4594 8280
4595 8230
4596 8177
4597 8130
4598 8080
4599 8038
4600 7994
4601 7953
4602 7915
4603 7881
4604 7847
4605 7816
4606 7787
4607 7762
4608 7739
4609 7717
4610 7697
4611 7680
4612 7665
4613 7651
4614 7639
4615 7634
4616 7623
4617 7618
4618 7612
4619 7608
4620 7605
4621 7604
4622 7602
4623 7605
4624 7602
4625 7603
4626 7600
4627 7601
4628 7601
4629 7599
4630 7594
4631 7591
4632 7588
4633 7579
4634 7571
4635 7562
4636 7551
4637 7536
4638 7521
4639 7501
4640 7480
4641 7456
4642 7430
4643 7401
4644 7367
4645 7329
4646 7292
4647 7251
4648 7202
4649 7156
4650 7100
4651 7045
4652 6989
4653 6929
4654 6860
4655 6790
4656 6718
4657 6646
4658 6566
4659 6486
4660 6402
4661 6318
4662 6227
4663 6137
4664 6044
4665 5948
4666 5850
4667 5753
4668 5652
4669 5550
4670 5445
4671 5342
4672 5237
4673 5129
4674 5025
4675 4918
4676 4812
4677 4705
4678 4597
4679 4495
4680 4388
4681 4282
4682 4176
4683 4074
4684 3973
4685 3873
4686 3774
4687 3674
4688 3580
4689 3483
4690 3388
4691 3302
4692 3212
4693 3126
4694 3044
4695 2959
4696 2881
4697 2802
4698 2725
4699 2651
4700 2581
4701 2512
4702 2447
4703 2382
4704 2320
4705 2262
4706 2205
4707 2149
4708 2095
4709 2046
4710 1998
4711 1951
4712 1904
4713 1862
4714 1823
4715 1785
4716 1748
4717 1712
4718 1681
4719 1646
4720 1620
4721 1590
4722 1563
4723 1543
4724 1518
4725 1495
4726 1476
4727 1456
4728 1439
4729 1424
4730 1409
4731 1395
4732 1384
4733 1372
4734 1360
4735 1349
4736 1340
4737 1335
4738 1328
4739 1323
4740 1316
4741 1316
4742 1311
4743 1309
4744 1309
4745 1306
4746 1309
4747 1309
4748 1310
4749 1310
4750 1312
4751 1314
4752 1316
4753 1324
4754 1324
4755 1328
4756 1332
4757 1338
4758 1342
4759 1347
4760 1353
4761 1357
4762 1362
4763 1369
4764 1374
4765 1382
4766 1386
4767 1395
4768 1399
4769 1407
4770 1412
4771 1417
4772 1422
4773 1429
4774 1434
4775 1438
4776 1443
4777 1452
4778 1456
4779 1462
4780 1466
4781 1470
4782 1475
4783 1480
4784 1483
4785 1486
4786 1486
4787 1489
4788 1491
4789 1492
4790 1490
4791 1490
4792 1488
4793 1489
4794 1492
4795 1485
4796 1484
4797 1479
4798 1476
4799 1467
4800 1463
4801 1456
4802 1449
4803 1443
4804 1434
4805 1426
4806 1413
4807 1403
4808 1392
4809 1378
4810 1368
4811 1355
4812 1338
4813 1324
4814 1309
4815 1294
4816 1276
4817 1258
4818 1242
4819 1226
4820 1205
4821 1188
4822 1169
4823 1150
4824 1126
4825 1114
4826 1092
4827 1071
4828 1054
4829 1033
4830 1015
4831 999
4832 979
4833 962
4834 944
4835 927
4836 910
4837 896
4838 881
4839 865
4840 854
4841 840
4842 827
4843 814
4844 806
4845 793
4846 785
4847 777
4848 765
4849 758
4850 755
4851 746
4852 742
4853 732
4854 728
4855 724
4856 719
4857 714
4858 708
4859 703
4860 698
4861 695
4862 688
4863 685
4864 681
4865 676
4866 668
4867 659
4868 650
4869 643
4870 635
4871 624
4872 616
4873 606
4874 591
4875 578
4876 565
4877 549
4878 535
4879 519
4880 504
4881 487
4882 469
4883 450
4884 430
4885 409
4886 388
4887 370
4888 349
4889 327
4890 304
4891 282
4892 259
4893 237
4894 215
4895 191
4896 169
4897 146
4898 122
4899 101
4900 80
4901 58
4902 36
4903 18
4904 -1
4905 -22
4906 -35
4907 -58
4908 -70
4909 -87
4910 -104
4911 -121
4912 -132
4913 -143
4914 -159
4915 -168
4916 -180
4917 -188
4918 -197
4919 -204
4920 -209
4921 -216
4922 -220
4923 -228
4924 -227
4925 -231
4926 -230
4927 -232
4928 -231
4929 -231
4930 -226
4931 -221
4932 -220
4933 -216
4934 -214
4935 -208
4936 -208
4937 -201
4938 -195
4939 -187
4940 -183
4941 -180
4942 -175
4943 -171
4944 -165
4945 -163
4946 -158
4947 -158
4948 -151
4949 -151
4950 -150
4951 -151
4952 -151
4953 -154
4954 -160
4955 -165
4956 -167
4957 -176
4958 -185
4959 -196
4960 -204
4961 -219
4962 -233
4963 -248
4964 -265
4965 -284
4966 -301
4967 -323
4968 -345
4969 -367
4970 -391
4971 -419
4972 -446
4973 -470
4974 -499
4975 -530
4976 -558
4977 -592
4978 -624
4979 -656
4980 -689
4981 -725
4982 -758
4983 -793
4984 -827
4985 -860
4986 -893
4987 -927
4988 -961
4989 -996
4990 -1025
4991 -1056
4992 -1088
4993 -1118
4994 -1151
4995 -1178
4996 -1205
4997 -1233
4998 -1256
4999 -1278
5000 -1304
5001 -1323
5002 -1343
5003 -1362
5004 -1377
5005 -1389
5006 -1405
5007 -1415
5008 -1426
5009 -1434
5010 -1443
5011 -1447
5012 -1453
5013 -1455
5014 -1456
5015 -1458
5016 -1456
5017 -1454
5018 -1449
5019 -1446
5020 -1441
5021 -1439
5022 -1431
5023 -1423
5024 -1418
5025 -1412
5026 -1404
5027 -1398
5028 -1392
5029 -1384
5030 -1380
5031 -1374
5032 -1367
5033 -1364
5034 -1359
5035 -1356
5036 -1354
5037 -1353
5038 -1350
5039 -1352
5040 -1355
5041 -1356
5042 -1360
5043 -1359
5044 -1366
5045 -1373
5046 -1381
5047 -1389
5048 -1393
5049 -1403
5050 -1418
5051 -1427
5052 -1440
5053 -1451
5054 -1464
5055 -1475
5056 -1486
5057 -1502
5058 -1513
5059 -1527
5060 -1539
5061 -1551
5062 -1566
5063 -1580
5064 -1590
5065 -1603
5066 -1614
5067 -1627
5068 -1635
5069 -1648
5070 -1656
5071 -1664
5072 -1673
5073 -1679
5074 -1689
5075 -1695
5076 -1699
5077 -1707
5078 -1708
5079 -1714
5080 -1717
5081 -1721
5082 -1723
5083 -1727
5084 -1726
5085 -1729
5086 -1730
5087 -1729
5088 -1732
5089 -1732
5090 -1733
5091 -1734
5092 -1737
5093 -1738
5094 -1741
5095 -1746
5096 -1745
5097 -1747
5098 -1755
5099 -1759
5100 -1761
5101 -1765
5102 -1778
5103 -1784
5104 -1791
5105 -1803
5106 -1811
5107 -1824
5108 -1831
5109 -1846
5110 -1861
5111 -1874
5112 -1890
5113 -1907
5114 -1924
5115 -1941
5116 -1960
5117 -1979
5118 -2004
5119 -2026
5120 -2046
5121 -2070
5122 -2095
5123 -2118
5124 -2139
5125 -2164
5126 -2192
5127 -2218
5128 -2244
5129 -2271
5130 -2299
5131 -2324
5132 -2349
5133 -2378
5134 -2405
5135 -2432
5136 -2460
5137 -2490
5138 -2514
5139 -2540
5140 -2569
5141 -2593
5142 -2617
5143 -2641
5144 -2667
5145 -2691
5146 -2718
5147 -2738
5148 -2762
5149 -2783
5150 -2804
5151 -2825
5152 -2845
5153 -2865
5154 -2884
5155 -2900
5156 -2916
5157 -2933
5158 -2951
5159 -2968
5160 -2983
5161 -3001
5162 -3014
5163 -3025
5164 -3040
5165 -3053
5166 -3067
5167 -3078
5168 -3089
5169 -3102
5170 -3118
5171 -3126
5172 -3135
5173 -3151
5174 -3163
5175 -3178
5176 -3183
5177 -3198
5178 -3206
5179 -3220
5180 -3232
5181 -3245
5182 -3258
5183 -3267
5184 -3284
5185 -3296
5186 -3310
5187 -3323
5188 -3339
5189 -3354
5190 -3370
5191 -3388
5192 -3401
5193 -3419
5194 -3437
5195 -3456
5196 -3474
5197 -3495
5198 -3512
5199 -3535
5200 -3555
5201 -3574
5202 -3594
5203 -3616
5204 -3637
5205 -3657
5206 -3683
5207 -3706
5208 -3727
5209 -3750
5210 -3773
5211 -3795
5212 -3820
5213 -3840
5214 -3863
5215 -3885
5216 -3908
5217 -3930
5218 -3948
5219 -3968
5220 -3986
5221 -4002
5222 -4022
5223 -4042
5224 -4060
5225 -4077
5226 -4093
5227 -4106
5228 -4122
5229 -4137
5230 -4148
5231 -4160
5232 -4172
5233 -4185
5234 -4196
5235 -4205
5236 -4212
5237 -4222
5238 -4231
5239 -4239
5240 -4245
5241 -4253
5242 -4258
5243 -4266
5244 -4272
5245 -4279
5246 -4287
5247 -4292
5248 -4300
5249 -4305
5250 -4313
5251 -4320
5252 -4330
5253 -4339
5254 -4346
5255 -4355
5256 -4366
5257 -4378
5258 -4387
5259 -4401
5260 -4413
5261 -4427
5262 -4440
5263 -4456
5264 -4473
5265 -4490
5266 -4506
5267 -4523
5268 -4539
5269 -4555
5270 -4574
5271 -4598
5272 -4613
5273 -4629
5274 -4655
5275 -4675
5276 -4694
5277 -4714
5278 -4730
5279 -4750
5280 -4770
5281 -4786
5282 -4807
5283 -4825
5284 -4840
5285 -4857
5286 -4872
5287 -4886
5288 -4900
5289 -4911
5290 -4924
5291 -4935
5292 -4942
5293 -4950
5294 -4962
5295 -4965
5296 -4968
5297 -4972
5298 -4972
5299 -4973
5300 -4973
5301 -4970
5302 -4966
5303 -4962
5304 -4954
5305 -4947
5306 -4940
5307 -4931
5308 -4921
5309 -4908
5310 -4895
5311 -4881
5312 -4865
5313 -4851
5314 -4835
5315 -4818
5316 -4800
5317 -4783
5318 -4765
5319 -4746
5320 -4726
5321 -4708
5322 -4689
5323 -4668
5324 -4649
5325 -4631
5326 -4613
5327 -4595
5328 -4578
5329 -4560
5330 -4543
5331 -4529
5332 -4513
5333 -4499
5334 -4482
5335 -4470
5336 -4460
5337 -4443
5338 -4435
5339 -4425
5340 -4417
5341 -4410
5342 -4401
5343 -4394
5344 -4391
5345 -4384
5346 -4380
5347 -4378
5348 -4378
5349 -4376
5350 -4377
5351 -4377
5352 -4381
5353 -4380
5354 -4383
5355 -4388
5356 -4395
5357 -4397
5358 -4405
5359 -4409
5360 -4415
5361 -4424
5362 -4430
5363 -4437
5364 -4445
5365 -4454
5366 -4461
5367 -4470
5368 -4479
5369 -4488
5370 -4498
5371 -4505
5372 -4514
5373 -4523
5374 -4531
5375 -4543
5376 -4551
5377 -4561
5378 -4571
5379 -4579
5380 -4586
5381 -4597
5382 -4607
5383 -4616
5384 -4624
5385 -4636
5386 -4645
5387 -4657
5388 -4666
5389 -4673
5390 -4684
5391 -4693
5392 -4704
5393 -4712
5394 -4722
5395 -4732
5396 -4744
5397 -4754
5398 -4763
5399 -4774
5400 -4785
5401 -4795
5402 -4807
5403 -4817
5404 -4827
5405 -4839
5406 -4850
5407 -4860
5408 -4873
5409 -4883
5410 -4894
5411 -4905
5412 -4919
5413 -4932
5414 -4943
5415 -4954
5416 -4962
5417 -4973
5418 -4988
5419 -5001
5420 -5011
5421 -5019
5422 -5032
5423 -5046
5424 -5057
5425 -5064
5426 -5076
5427 -5084
5428 -5095
5429 -5105
5430 -5118
5431 -5124
5432 -5133
5433 -5141
5434 -5153
5435 -5157
5436 -5165
5437 -5170
5438 -5177
5439 -5184
5440 -5189
5441 -5193
5442 -5198
5443 -5198
5444 -5206
5445 -5208
5446 -5213
5447 -5214
5448 -5214
5449 -5217
5450 -5216
5451 -5217
5452 -5215
5453 -5215
5454 -5215
5455 -5214
5456 -5215
5457 -5211
5458 -5208
5459 -5205
5460 -5205
5461 -5200
5462 -5199
5463 -5194
5464 -5191
5465 -5187
5466 -5188
5467 -5183
5468 -5182
5469 -5178
5470 -5177
5471 -5172
5472 -5170
5473 -5167
5474 -5165
5475 -5163
5476 -5160
5477 -5161
5478 -5158
5479 -5155
5480 -5154
5481 -5155
5482 -5153
5483 -5151
5484 -5150
5485 -5152
5486 -5151
5487 -5155
5488 -5151
5489 -5152
5490 -5151
5491 -5152
5492 -5153
5493 -5152
5494 -5154
5495 -5154
5496 -5155
5497 -5155
5498 -5156
5499 -5157
5500 -5159
5501 -5163
5502 -5162
5503 -5165
5504 -5167
5505 -5171
5506 -5174
5507 -5176
5508 -5181
5509 -5187
5510 -5188
5511 -5195
5512 -5200
5513 -5206
5514 -5214
5515 -5222
5516 -5231
5517 -5241
5518 -5249
5519 -5259
5520 -5272
5521 -5283
5522 -5297
5523 -5312
5524 -5328
5525 -5344
5526 -5360
5527 -5378
5528 -5395
5529 -5415
5530 -5436
5531 -5459
5532 -5480
5533 -5503
5534 -5525
5535 -5550
5536 -5575
5537 -5602
5538 -5629
5539 -5656
5540 -5681
5541 -5710
5542 -5740
5543 -5764
5544 -5792
5545 -5824
5546 -5851
5547 -5879
5548 -5908
5549 -5939
5550 -5966
5551 -5993
5552 -6022
5553 -6047
5554 -6075
5555 -6103
5556 -6128
5557 -6152
5558 -6177
5559 -6201
5560 -6225
5561 -6246
5562 -6271
5563 -6289
5564 -6310
5565 -6326
5566 -6343
5567 -6360
5568 -6376
5569 -6392
5570 -6407
5571 -6418
5572 -6427
5573 -6440
5574 -6448
5575 -6457
5576 -6465
5577 -6469
5578 -6472
5579 -6477
5580 -6480
5581 -6480
5582 -6484
5583 -6486
5584 -6483
5585 -6481
5586 -6475
5587 -6470
5588 -6466
5589 -6461
5590 -6453
5591 -6445
5592 -6437
5593 -6427
5594 -6416
5595 -6409
5596 -6397
5597 -6382
5598 -6371
5599 -6359
5600 -6346
5601 -6331
5602 -6317
5603 -6306
5604 -6287
5605 -6275
5606 -6259
5607 -6242
5608 -6227
5609 -6210
5610 -6194
5611 -6177
5612 -6161
5613 -6144
5614 -6129
5615 -6112
5616 -6095
5617 -6078
5618 -6063
5619 -6044
5620 -6033
5621 -6015
5622 -6001
5623 -5987
5624 -5968
5625 -5953
5626 -5940
5627 -5924
5628 -5913
5629 -5897
5630 -5883
5631 -5872
5632 -5858
5633 -5843
5634 -5832
5635 -5818
5636 -5806
5637 -5794
5638 -5782
5639 -5770
5640 -5759
5641 -5746
5642 -5737
5643 -5723
5644 -5709
5645 -5698
5646 -5686
5647 -5674
5648 -5661
5649 -5650
5650 -5636
5651 -5622
5652 -5607
5653 -5592
5654 -5583
5655 -5566
5656 -5550
5657 -5534
5658 -5519
5659 -5500
5660 -5485
5661 -5468
5662 -5450
5663 -5432
5664 -5412
5665 -5395
5666 -5376
5667 -5355
5668 -5334
5669 -5314
5670 -5292
5671 -5270
5672 -5251
5673 -5228
5674 -5206
5675 -5185
5676 -5158
5677 -5140
5678 -5116
5679 -5095
5680 -5071
5681 -5046
5682 -5024
5683 -5001
5684 -4980
5685 -4957
5686 -4934
5687 -4912
5688 -4890
5689 -4872
5690 -4850
5691 -4831
5692 -4812
5693 -4794
5694 -4774
5695 -4759
5696 -4745
5697 -4727
5698 -4714
5699 -4698
5700 -4688
5701 -4677
5702 -4667
5703 -4656
5704 -4653
5705 -4643
5706 -4640
5707 -4636
5708 -4636
5709 -4635
5710 -4636
5711 -4638
5712 -4645
5713 -4649
5714 -4656
5715 -4665
5716 -4676
5717 -4689
5718 -4705
5719 -4719
5720 -4735
5721 -4754
5722 -4771
5723 -4793
5724 -4816
5725 -4836
5726 -4862
5727 -4885
5728 -4913
5729 -4935
5730 -4962
5731 -4990
5732 -5019
5733 -5047
5734 -5077
5735 -5104
5736 -5135
5737 -5164
5738 -5192
5739 -5224
5740 -5252
5741 -5282
5742 -5310
5743 -5337
5744 -5364
5745 -5391
5746 -5418
5747 -5444
5748 -5469
5749 -5494
5750 -5516
5751 -5541
5752 -5560
5753 -5585
5754 -5605
5755 -5624
5756 -5645
5757 -5664
5758 -5678
5759 -5696
5760 -5710
5761 -5725
5762 -5740
5763 -5756
5764 -5769
5765 -5779
5766 -5791
5767 -5801
5768 -5810
5769 -5819
5770 -5829
5771 -5835
5772 -5841
5773 -5849
5774 -5852
5775 -5860
5776 -5864
5777 -5868
5778 -5870
5779 -5874
5780 -5873
5781 -5875
5782 -5876
5783 -5878
5784 -5876
5785 -5876
5786 -5874
5787 -5869
5788 -5866
5789 -5861
5790 -5857
5791 -5853
5792 -5846
5793 -5839
5794 -5833
5795 -5823
5796 -5814
5797 -5804
5798 -5794
5799 -5785
5800 -5775
5801 -5762
5802 -5752
5803 -5738
5804 -5728
5805 -5713
5806 -5699
5807 -5685
5808 -5671
5809 -5659
5810 -5644
5811 -5631
5812 -5615
5813 -5601
5814 -5584
5815 -5568
5816 -5552
5817 -5539
5818 -5521
5819 -5509
5820 -5494
5821 -5482
5822 -5468
5823 -5451
5824 -5439
5825 -5426
5826 -5414
5827 -5401
5828 -5392
5829 -5378
5830 -5371
5831 -5358
5832 -5351
5833 -5344
5834 -5331
5835 -5329
5836 -5323
5837 -5317
5838 -5313
5839 -5312
5840 -5310
5841 -5309
5842 -5309
5843 -5306
5844 -5305
5845 -5310
5846 -5315
5847 -5319
5848 -5324
5849 -5333
5850 -5340
5851 -5349
5852 -5361
5853 -5368
5854 -5379
5855 -5394
5856 -5406
5857 -5420
5858 -5437
5859 -5454
5860 -5469
5861 -5484
5862 -5503
5863 -5525
5864 -5542
5865 -5562
5866 -5582
5867 -5602
5868 -5621
5869 -5641
5870 -5661
5871 -5684
5872 -5705
5873 -5721
5874 -5744
5875 -5761
5876 -5782
5877 -5799
5878 -5818
5879 -5835
5880 -5851
5881 -5868
5882 -5884
5883 -5900
5884 -5910
5885 -5930
5886 -5939
5887 -5949
5888 -5957
5889 -5969
5890 -5975
5891 -5982
5892 -5986
5893 -5994
5894 -5996
5895 -6002
5896 -6003
5897 -6006
5898 -6007
5899 -6005
5900 -6005
5901 -6005
5902 -6003
5903 -6002
5904 -5999
5905 -5995
5906 -5993
5907 -5992
5908 -5987
5909 -5982
5910 -5981
5911 -5979
5912 -5973
5913 -5970
5914 -5970
5915 -5964
5916 -5962
5917 -5964
5918 -5962
5919 -5958
5920 -5961
5921 -5963
5922 -5962
5923 -5966
5924 -5969
5925 -5973
5926 -5978
5927 -5983
5928 -5991
5929 -5997
5930 -6008
5931 -6017
5932 -6028
5933 -6040
5934 -6052
5935 -6068
5936 -6085
5937 -6100
5938 -6116
5939 -6135
5940 -6154
5941 -6174
5942 -6197
5943 -6219
5944 -6240
5945 -6263
5946 -6289
5947 -6314
5948 -6341
5949 -6365
5950 -6393
5951 -6422
5952 -6448
5953 -6478
5954 -6506
5955 -6536
5956 -6567
5957 -6594
5958 -6626
5959 -6652
5960 -6679
5961 -6711
5962 -6739
5963 -6768
5964 -6796
5965 -6820
5966 -6846
5967 -6873
5968 -6900
5969 -6923
5970 -6948
5971 -6969
5972 -6990
5973 -7013
5974 -7029
5975 -7048
5976 -7066
5977 -7083
5978 -7100
5979 -7111
5980 -7127
5981 -7135
5982 -7145
5983 -7156
5984 -7163
5985 -7169
5986 -7177
5987 -7178
5988 -7182
5989 -7187
5990 -7187
5991 -7186
5992 -7188
5993 -7185
5994 -7184
5995 -7182
5996 -7179
5997 -7174
5998 -7171
5999 -7170
6000 -7160
6001 -7159
6002 -7153
6003 -7148
6004 -7144
6005 -7138
6006 -7136
6007 -7130
6008 -7126
6009 -7123
6010 -7118
6011 -7116
6012 -7116
6013 -7113
6014 -7118
6015 -7113
6016 -7115
6017 -7117
6018 -7117
6019 -7118
6020 -7123
6021 -7129
6022 -7134
6023 -7139
6024 -7145
6025 -7151
6026 -7162
6027 -7169
6028 -7178
6029 -7187
6030 -7196
6031 -7208
6032 -7214
6033 -7227
6034 -7242
6035 -7252
6036 -7261
6037 -7271
6038 -7287
6039 -7297
6040 -7308
6041 -7319
6042 -7330
6043 -7340
6044 -7352
6045 -7361
6046 -7371
6047 -7382
6048 -7391
6049 -7402
6050 -7410
6051 -7417
6052 -7427
6053 -7432
6054 -7439
6055 -7446
6056 -7451
6057 -7457
6058 -7456
6059 -7464
6060 -7468
6061 -7473
6062 -7476
6063 -7478
6064 -7479
6065 -7478
6066 -7481
6067 -7481
6068 -7481
6069 -7481
6070 -7477
6071 -7476
6072 -7475
6073 -7474
6074 -7472
6075 -7471
6076 -7466
6077 -7461
6078 -7460
6079 -7453
6080 -7447
6081 -7444
6082 -7437
6083 -7429
6084 -7426
6085 -7420
6086 -7413
6087 -7402
6088 -7397
6089 -7389
6090 -7379
6091 -7369
6092 -7360
6093 -7350
6094 -7336
6095 -7326
6096 -7312
6097 -7302
6098 -7287
6099 -7272
6100 -7257
6101 -7243
6102 -7230
6103 -7213
6104 -7198
6105 -7182
6106 -7163
6107 -7144
6108 -7130
6109 -7107
6110 -7090
6111 -7070
6112 -7055
6113 -7035
6114 -7013
6115 -6993
6116 -6976
6117 -6955
6118 -6935
6119 -6916
6120 -6894
6121 -6873
6122 -6857
6123 -6838
6124 -6818
6125 -6799
6126 -6784
6127 -6765
6128 -6747
6129 -6731
6130 -6715
6131 -6702
6132 -6687
6133 -6671
6134 -6659
6135 -6649
6136 -6634
6137 -6626
6138 -6613
6139 -6606
6140 -6595
6141 -6588
6142 -6579
6143 -6574
6144 -6566
6145 -6560
6146 -6556
6147 -6552
6148 -6548
6149 -6546
6150 -6543
6151 -6540
6152 -6540
6153 -6539
6154 -6538
6155 -6538
6156 -6536
6157 -6535
6158 -6534
6159 -6535
6160 -6534
6161 -6533
6162 -6531
6163 -6532
6164 -6529
6165 -6529
6166 -6525
6167 -6524
6168 -6522
6169 -6518
6170 -6515
6171 -6508
6172 -6504
6173 -6501
6174 -6492
6175 -6486
6176 -6474
6177 -6467
6178 -6457
6179 -6446
6180 -6435
6181 -6426
6182 -6415
6183 -6396
6184 -6387
6185 -6374
6186 -6356
6187 -6341
6188 -6326
6189 -6311
6190 -6295
6191 -6276
6192 -6259
6193 -6242
6194 -6227
6195 -6212
6196 -6189
6197 -6172
6198 -6158
6199 -6141
6200 -6125
6201 -6109
6202 -6091
6203 -6078
6204 -6061
6205 -6047
6206 -6032
6207 -6019
6208 -6008
6209 -5993
6210 -5983
6211 -5975
6212 -5965
6213 -5955
6214 -5947
6215 -5941
6216 -5936
6217 -5930
6218 -5928
6219 -5927
6220 -5923
6221 -5921
6222 -5921
6223 -5926
6224 -5926
6225 -5927
6226 -5930
6227 -5937
6228 -5941
6229 -5948
6230 -5956
6231 -5962
6232 -5971
6233 -5977
6234 -5989
6235 -5998
6236 -6008
6237 -6017
6238 -6029
6239 -6036
6240 -6049
6241 -6060
6242 -6070
6243 -6083
6244 -6093
6245 -6104
6246 -6115
6247 -6125
6248 -6135
6249 -6145
6250 -6156
6251 -6163
6252 -6170
6253 -6180
6254 -6188
6255 -6194
6256 -6202
6257 -6203
6258 -6208
6259 -6212
6260 -6216
6261 -6219
6262 -6219
6263 -6221
6264 -6218
6265 -6218
6266 -6221
6267 -6217
6268 -6211
6269 -6210
6270 -6204
6271 -6201
6272 -6194
6273 -6189
6274 -6182
6275 -6174
6276 -6167
6277 -6158
6278 -6149
6279 -6138
6280 -6130
6281 -6123
6282 -6111
6283 -6098
6284 -6087
6285 -6076
6286 -6068
6287 -6056
6288 -6042
6289 -6032
6290 -6022
6291 -6009
6292 -5996
6293 -5987
6294 -5977
6295 -5964
6296 -5954
6297 -5945
6298 -5932
6299 -5923
6300 -5914
6301 -5906
6302 -5897
6303 -5884
6304 -5880
6305 -5872
6306 -5865
6307 -5856
6308 -5855
6309 -5849
6310 -5845
6311 -5843
6312 -5840
6313 -5839
6314 -5841
6315 -5839
6316 -5845
6317 -5848
6318 -5854
6319 -5858
6320 -5864
6321 -5871
6322 -5883
6323 -5896
6324 -5906
6325 -5918
6326 -5939
6327 -5953
6328 -5973
6329 -5989
6330 -6012
6331 -6034
6332 -6058
6333 -6083
6334 -6114
6335 -6140
6336 -6168
6337 -6202
6338 -6232
6339 -6264
6340 -6294
6341 -6332
6342 -6365
6343 -6402
6344 -6440
6345 -6476
6346 -6513
6347 -6551
6348 -6592
6349 -6627
6350 -6665
6351 -6705
6352 -6743
6353 -6781
6354 -6818
6355 -6857
6356 -6896
6357 -6933
6358 -6971
6359 -7004
6360 -7040
6361 -7077
6362 -7107
6363 -7142
6364 -7176
6365 -7205
6366 -7238
6367 -7270
6368 -7298
6369 -7330
6370 -7355
6371 -7381
6372 -7408
6373 -7436
6374 -7457
6375 -7483
6376 -7504
6377 -7530
6378 -7547
6379 -7569
6380 -7590
6381 -7605
6382 -7630
6383 -7648
6384 -7663
6385 -7678
6386 -7693
6387 -7710
6388 -7727
6389 -7742
6390 -7755
6391 -7767
6392 -7783
6393 -7795
6394 -7804
6395 -7818
6396 -7827
6397 -7838
6398 -7847
6399 -7857
6400 -7864
6401 -7872
6402 -7881
6403 -7886
6404 -7891
6405 -7896
6406 -7900
6407 -7903
6408 -7906
6409 -7911
6410 -7915
6411 -7914
6412 -7911
6413 -7915
6414 -7913
6415 -7911
6416 -7908
6417 -7905
6418 -7901
6419 -7896
6420 -7893
6421 -7885
6422 -7877
6423 -7873
6424 -7865
6425 -7853
6426 -7844
6427 -7836
6428 -7824
6429 -7812
6430 -7799
6431 -7782
6432 -7771
6433 -7752
6434 -7736
6435 -7718
6436 -7700
6437 -7682
6438 -7660
6439 -7638
6440 -7619
6441 -7595
6442 -7569
6443 -7544
6444 -7522
6445 -7494
6446 -7468
6447 -7439
6448 -7412
6449 -7381
6450 -7349
6451 -7319
6452 -7288
6453 -7257
6454 -7224
6455 -7194
6456 -7157
6457 -7124
6458 -7092
6459 -7058
6460 -7022
6461 -6990
6462 -6956
6463 -6920
6464 -6886
6465 -6853
6466 -6819
6467 -6787
6468 -6755
6469 -6722
6470 -6695
6471 -6665
6472 -6635
6473 -6610
6474 -6583
6475 -6555
6476 -6532
6477 -6510
6478 -6486
6479 -6469
6480 -6446
6481 -6431
6482 -6416
6483 -6400
6484 -6389
6485 -6379
6486 -6369
6487 -6359
6488 -6355
6489 -6347
6490 -6348
6491 -6346
6492 -6346
6493 -6349
6494 -6350
6495 -6354
6496 -6361
6497 -6369
6498 -6382
6499 -6389
6500 -6400
6501 -6412
6502 -6426
6503 -6439
6504 -6456
6505 -6473
6506 -6490
6507 -6511
6508 -6526
6509 -6547
6510 -6568
6511 -6586
6512 -6609
6513 -6631
6514 -6650
6515 -6675
6516 -6699
6517 -6720
6518 -6743
6519 -6767
6520 -6792
6521 -6817
6522 -6840
6523 -6862
6524 -6887
6525 -6912
6526 -6932
6527 -6958
6528 -6981
6529 -7004
6530 -7029
6531 -7055
6532 -7080
6533 -7101
6534 -7125
6535 -7149
6536 -7173
6537 -7195
6538 -7219
6539 -7242
6540 -7263
6541 -7286
6542 -7311
6543 -7334
6544 -7353
6545 -7378
6546 -7401
6547 -7421
6548 -7443
6549 -7463
6550 -7482
6551 -7505
6552 -7523
6553 -7544
6554 -7562
6555 -7585
6556 -7603
6557 -7621
6558 -7639
6559 -7658
6560 -7677
6561 -7695
6562 -7709
6563 -7727
6564 -7745
6565 -7762
6566 -7777
6567 -7794
6568 -7813
6569 -7827
6570 -7842
6571 -7855
6572 -7872
6573 -7887
6574 -7901
6575 -7917
6576 -7929
6577 -7944
6578 -7958
6579 -7971
6580 -7985
6581 -7997
6582 -8011
6583 -8023
6584 -8037
6585 -8049
6586 -8060
6587 -8075
6588 -8086
6589 -8097
6590 -8110
6591 -8118
6592 -8131
6593 -8142
6594 -8152
6595 -8163
6596 -8173
6597 -8184
6598 -8194
6599 -8203
6600 -8212
6601 -8220
6602 -8229
6603 -8239
6604 -8245
6605 -8252
6606 -8261
6607 -8270
6608 -8274
6609 -8285
6610 -8287
6611 -8295
6612 -8302
6613 -8306
6614 -8310
6615 -8316
6616 -8321
6617 -8329
6618 -8333
6619 -8336
6620 -8341
6621 -8346
6622 -8351
6623 -8353
6624 -8356
6625 -8358
6626 -8364
6627 -8370
6628 -8371
6629 -8374
6630 -8376
6631 -8380
6632 -8384
6633 -8386
6634 -8387
6635 -8390
6636 -8393
6637 -8393
6638 -8394
6639 -8396
6640 -8395
6641 -8395
6642 -8400
6643 -8395
6644 -8397
6645 -8398
6646 -8395
6647 -8394
6648 -8395
6649 -8391
6650 -8389
6651 -8382
6652 -8380
6653 -8377
6654 -8373
6655 -8367
6656 -8364
6657 -8361
6658 -8352
6659 -8350
6660 -8344
6661 -8337
6662 -8330
6663 -8321
6664 -8316
6665 -8308
6666 -8299
6667 -8289
6668 -8283
6669 -8273
6670 -8265
6671 -8258
6672 -8251
6673 -8238
6674 -8233
6675 -8226
6676 -8213
6677 -8205
6678 -8197
6679 -8188
6680 -8179
6681 -8169
6682 -8160
6683 -8149
6684 -8141
6685 -8135
6686 -8127
6687 -8116
6688 -8105
6689 -8097
6690 -8086
6691 -8077
6692 -8068
6693 -8056
6694 -8044
6695 -8036
6696 -8023
6697 -8010
6698 -8002
6699 -7989
6700 -7975
6701 -7961
6702 -7949
6703 -7935
6704 -7923
6705 -7908
6706 -7895
6707 -7881
6708 -7863
6709 -7846
6710 -7829
6711 -7811
6712 -7794
6713 -7775
6714 -7758
6715 -7740
6716 -7720
6717 -7700
6718 -7680
6719 -7660
6720 -7641
6721 -7618
6722 -7597
6723 -7576
6724 -7550
6725 -7529
6726 -7507
6727 -7483
6728 -7462
6729 -7437
6730 -7418
6731 -7391
6732 -7369
6733 -7345
6734 -7325
6735 -7297
6736 -7274
6737 -7248
6738 -7224
6739 -7204
6740 -7179
6741 -7156
6742 -7137
6743 -7110
6744 -7090
6745 -7069
6746 -7048
6747 -7023
6748 -7006
6749 -6987
6750 -6967
6751 -6945
6752 -6928
6753 -6912
6754 -6896
6755 -6878
6756 -6862
6757 -6852
6758 -6836
6759 -6822
6760 -6810
6761 -6801
6762 -6788
6763 -6780
6764 -6773
6765 -6766
6766 -6759
6767 -6753
6768 -6752
6769 -6752
6770 -6748
6771 -6746
6772 -6750
6773 -6750
6774 -6750
6775 -6754
6776 -6761
6777 -6765
6778 -6769
6779 -6776
6780 -6783
6781 -6790
6782 -6798
6783 -6805
6784 -6813
6785 -6826
6786 -6835
6787 -6842
6788 -6856
6789 -6863
6790 -6873
6791 -6884
6792 -6893
6793 -6902
6794 -6914
6795 -6924
6796 -6932
6797 -6938
6798 -6950
6799 -6953
6800 -6960
6801 -6970
6802 -6977
6803 -6981
6804 -6987
6805 -6989
6806 -6990
6807 -6993
6808 -6996
6809 -6996
6810 -6996
6811 -6995
6812 -6991
6813 -6991
6814 -6990
6815 -6982
6816 -6980
6817 -6975
6818 -6970
6819 -6963
6820 -6957
6821 -6950
6822 -6940
6823 -6935
6824 -6924
6825 -6915
6826 -6907
6827 -6898
6828 -6888
6829 -6878
6830 -6872
6831 -6862
6832 -6851
6833 -6845
6834 -6834
6835 -6827
6836 -6819
6837 -6812
6838 -6809
6839 -6802
6840 -6795
6841 -6789
6842 -6786
6843 -6785
6844 -6783
6845 -6779
6846 -6779
6847 -6780
6848 -6779
6849 -6781
6850 -6785
6851 -6787
6852 -6791
6853 -6794
6854 -6800
6855 -6809
6856 -6815
6857 -6823
6858 -6830
6859 -6838
6860 -6846
6861 -6854
6862 -6868
6863 -6877
6864 -6884
6865 -6895
6866 -6901
6867 -6916
6868 -6925
6869 -6931
6870 -6938
6871 -6947
6872 -6955
6873 -6963
6874 -6968
6875 -6974
6876 -6977
6877 -6980
6878 -6984
6879 -6986
6880 -6985
6881 -6987
6882 -6982
6883 -6978
6884 -6976
6885 -6970
6886 -6961
6887 -6954
6888 -6942
6889 -6935
6890 -6924
6891 -6910
6892 -6897
6893 -6882
6894 -6871
6895 -6849
6896 -6834
6897 -6818
6898 -6799
6899 -6777
6900 -6761
6901 -6739
6902 -6723
6903 -6698
6904 -6680
6905 -6658
6906 -6637
6907 -6618
6908 -6600
6909 -6579
6910 -6559
6911 -6539
6912 -6521
6913 -6502
6914 -6486
6915 -6468
6916 -6454
6917 -6436
6918 -6422
6919 -6410
6920 -6395
6921 -6384
6922 -6372
6923 -6359
6924 -6353
6925 -6344
6926 -6338
6927 -6331
6928 -6326
6929 -6322
6930 -6317
6931 -6316
6932 -6315
6933 -6311
6934 -6310
6935 -6310
6936 -6314
6937 -6314
6938 -6317
6939 -6322
6940 -6327
6941 -6329
6942 -6335
6943 -6340
6944 -6345
6945 -6354
6946 -6361
6947 -6369
6948 -6374
6949 -6385
6950 -6394
6951 -6406
6952 -6412
6953 -6422
6954 -6430
6955 -6440
6956 -6447
6957 -6461
6958 -6470
6959 -6482
6960 -6489
6961 -6502
6962 -6509
6963 -6520
6964 -6526
6965 -6536
6966 -6544
6967 -6553
6968 -6563
6969 -6571
6970 -6577
6971 -6590
6972 -6594
6973 -6601
6974 -6605
6975 -6612
6976 -6617
6977 -6622
6978 -6626
6979 -6633
6980 -6635
6981 -6639
6982 -6640
6983 -6642
6984 -6644
6985 -6646
6986 -6647
6987 -6648
6988 -6648
6989 -6648
6990 -6647
6991 -6647
6992 -6644
6993 -6646
6994 -6643
6995 -6643
6996 -6638
6997 -6636
6998 -6636
6999 -6635
7000 -6633
7001 -6633
7002 -6626
7003 -6627
7004 -6624
7005 -6624
7006 -6622
7007 -6619
7008 -6618
7009 -6616
7010 -6617
7011 -6617
7012 -6618
7013 -6618
7014 -6619
7015 -6620
7016 -6620
7017 -6623
7018 -6625
7019 -6628
7020 -6628
7021 -6631
7022 -6637
7023 -6642
7024 -6645
7025 -6652
7026 -6655
7027 -6660
7028 -6667
7029 -6673
7030 -6680
7031 -6687
7032 -6696
7033 -6703
7034 -6712
7035 -6723
7036 -6732
7037 -6743
7038 -6756
7039 -6764
7040 -6772
7041 -6785
7042 -6797
7043 -6807
7044 -6821
7045 -6829
7046 -6843
7047 -6854
7048 -6865
7049 -6881
7050 -6893
7051 -6906
7052 -6922
7053 -6932
7054 -6943
7055 -6958
7056 -6973
7057 -6983
7058 -6998
7059 -7008
7060 -7023
7061 -7036
7062 -7047
7063 -7060
7064 -7069
7065 -7079
7066 -7089
7067 -7101
7068 -7109
7069 -7122
7070 -7130
7071 -7141
7072 -7150
7073 -7155
7074 -7164
7075 -7170
7076 -7177
7077 -7182
7078 -7188
7079 -7195
7080 -7199
7081 -7200
7082 -7204
7083 -7208
7084 -7212
7085 -7216
7086 -7219
7087 -7221
7088 -7224
7089 -7222
7090 -7226
7091 -7226
7092 -7227
7093 -7228
7094 -7233
7095 -7237
7096 -7238
7097 -7239
7098 -7240
7099 -7243
7100 -7247
7101 -7250
7102 -7255
7103 -7258
7104 -7261
7105 -7269
7106 -7274
7107 -7280
7108 -7285
7109 -7291
7110 -7298
7111 -7306
7112 -7315
7113 -7324
7114 -7333
7115 -7340
7116 -7349
7117 -7358
7118 -7368
7119 -7377
7120 -7385
7121 -7397
7122 -7405
7123 -7413
7124 -7423
7125 -7432
7126 -7440
7127 -7449
7128 -7455
7129 -7462
7130 -7469
7131 -7474
7132 -7478
7133 -7484
7134 -7486
7135 -7489
7136 -7493
7137 -7495
7138 -7497
7139 -7498
7140 -7500
7141 -7501
7142 -7496
7143 -7493
7144 -7493
7145 -7488
7146 -7480
7147 -7482
7148 -7476
7149 -7471
7150 -7466
7151 -7461
7152 -7458
7153 -7446
7154 -7439
7155 -7434
7156 -7427
7157 -7420
7158 -7413
7159 -7402
7160 -7396
7161 -7386
7162 -7379
7163 -7370
7164 -7363
7165 -7352
7166 -7340
7167 -7333
7168 -7322
7169 -7310
7170 -7297
7171 -7286
7172 -7277
7173 -7264
7174 -7251
7175 -7238
7176 -7225
7177 -7208
7178 -7193
7179 -7180
7180 -7162
7181 -7144
7182 -7127
7183 -7110
7184 -7087
7185 -7068
7186 -7045
7187 -7025
7188 -7007
7189 -6984
7190 -6962
7191 -6938
7192 -6911
7193 -6893
7194 -6865
7195 -6843
7196 -6819
7197 -6794
7198 -6768
7199 -6746
7200 -6721
7201 -6697
7202 -6674
7203 -6654
7204 -6630
7205 -6611
7206 -6591
7207 -6574
7208 -6556
7209 -6541
7210 -6527
7211 -6513
7212 -6504
7213 -6493
7214 -6485
7215 -6479
7216 -6473
7217 -6468
7218 -6467
7219 -6466
7220 -6466
7221 -6470
7222 -6474
7223 -6480
7224 -6486
7225 -6496
7226 -6503
7227 -6518
7228 -6531
7229 -6545
7230 -6558
7231 -6573
7232 -6588
7233 -6603
7234 -6623
7235 -6643
7236 -6659
7237 -6676
7238 -6696
7239 -6715
7240 -6729
7241 -6750
7242 -6767
7243 -6786
7244 -6804
7245 -6820
7246 -6835
7247 -6850
7248 -6866
7249 -6879
7250 -6892
7251 -6906
7252 -6920
7253 -6934
7254 -6943
7255 -6954
7256 -6966
7257 -6975
7258 -6988
7259 -6996
7260 -7006
7261 -7019
7262 -7026
7263 -7034
7264 -7045
7265 -7054
7266 -7064
7267 -7074
7268 -7082
7269 -7093
7270 -7106
7271 -7115
7272 -7127
7273 -7138
7274 -7151
7275 -7162
7276 -7180
7277 -7191
7278 -7203
7279 -7217
7280 -7233
7281 -7249
7282 -7267
7283 -7282
7284 -7301
7285 -7313
7286 -7330
7287 -7345
7288 -7362
7289 -7379
7290 -7391
7291 -7407
7292 -7420
7293 -7431
7294 -7447
7295 -7461
7296 -7471
7297 -7482
7298 -7492
7299 -7499
7300 -7507
7301 -7515
7302 -7521
7303 -7523
7304 -7527
7305 -7529
7306 -7527
7307 -7526
7308 -7523
7309 -7522
7310 -7515
7311 -7510
7312 -7503
7313 -7496
7314 -7484
7315 -7475
7316 -7464
7317 -7453
7318 -7442
7319 -7432
7320 -7416
7321 -7403
7322 -7390
7323 -7377
7324 -7364
7325 -7349
7326 -7337
7327 -7324
7328 -7310
7329 -7300
7330 -7287
7331 -7277
7332 -7270
7333 -7257
7334 -7250
7335 -7242
7336 -7238
7337 -7233
7338 -7233
7339 -7230
7340 -7228
7341 -7230
7342 -7235
7343 -7237
7344 -7242
7345 -7252
7346 -7260
7347 -7269
7348 -7279
7349 -7296
7350 -7310
7351 -7326
7352 -7344
7353 -7361
7354 -7383
7355 -7401
7356 -7424
7357 -7446
7358 -7472
7359 -7497
7360 -7520
7361 -7548
7362 -7577
7363 -7603
7364 -7633
7365 -7660
7366 -7688
7367 -7714
7368 -7745
7369 -7775
7370 -7804
7371 -7830
7372 -7859
7373 -7887
7374 -7914
7375 -7942
7376 -7966
7377 -7991
7378 -8017
7379 -8042
7380 -8062
7381 -8087
7382 -8102
7383 -8124
7384 -8144
7385 -8162
7386 -8177
7387 -8190
7388 -8205
7389 -8215
7390 -8228
7391 -8240
7392 -8249
7393 -8253
7394 -8259
7395 -8262
7396 -8269
7397 -8269
7398 -8271
7399 -8268
7400 -8268
7401 -8266
7402 -8263
7403 -8258
7404 -8251
7405 -8247
7406 -8239
7407 -8231
7408 -8222
7409 -8215
7410 -8202
7411 -8192
7412 -8182
7413 -8175
7414 -8159
7415 -8149
7416 -8140
7417 -8128
7418 -8117
7419 -8107
7420 -8093
7421 -8082
7422 -8072
7423 -8061
7424 -8049
7425 -8041
7426 -8035
7427 -8025
7428 -8016
7429 -8006
7430 -8000
7431 -7994
7432 -7985
7433 -7981
7434 -7971
7435 -7966
7436 -7962
7437 -7955
7438 -7951
7439 -7948
7440 -7942
7441 -7940
7442 -7936
7443 -7928
7444 -7925
7445 -7921
7446 -7916
7447 -7910
7448 -7905
7449 -7900
7450 -7896
7451 -7888
7452 -7881
7453 -7874
7454 -7868
7455 -7857
7456 -7849
7457 -7842
7458 -7830
7459 -7820
7460 -7803
7461 -7794
7462 -7783
7463 -7769
7464 -7756
7465 -7741
7466 -7724
7467 -7709
7468 -7690
7469 -7673
7470 -7653
7471 -7639
7472 -7617
7473 -7602
7474 -7580
7475 -7560
7476 -7542
7477 -7520
7478 -7499
7479 -7476
7480 -7454
7481 -7433
7482 -7415
7483 -7392
7484 -7373
7485 -7347
7486 -7330
7487 -7308
7488 -7287
7489 -7269
7490 -7246
7491 -7226
7492 -7207
7493 -7188
7494 -7170
7495 -7152
7496 -7135
7497 -7117
7498 -7097
7499 -7083
7500 -7066
7501 -7052
7502 -7032
7503 -7020
7504 -7005
7505 -6989
7506 -6974
7507 -6963
7508 -6949
7509 -6936
7510 -6923
7511 -6914
7512 -6902
7513 -6889
7514 -6882
7515 -6872
7516 -6861
7517 -6855
7518 -6846
7519 -6838
7520 -6833
7521 -6825
7522 -6818
7523 -6814
7524 -6808
7525 -6804
7526 -6797
7527 -6796
7528 -6795
7529 -6792
7530 -6787
7531 -6788
7532 -6787
7533 -6790
7534 -6789
7535 -6792
7536 -6794
7537 -6799
7538 -6802
7539 -6805
7540 -6812
7541 -6818
7542 -6827
7543 -6835
7544 -6842
7545 -6854
7546 -6865
7547 -6877
7548 -6888
7549 -6904
7550 -6920
7551 -6931
7552 -6947
7553 -6964
7554 -6984
7555 -7000
7556 -7019
7557 -7040
7558 -7061
7559 -7082
7560 -7102
7561 -7123
7562 -7148
7563 -7170
7564 -7195
7565 -7220
7566 -7242
7567 -7270
7568 -7292
7569 -7319
7570 -7344
7571 -7370
7572 -7394
7573 -7418
7574 -7443
7575 -7467
7576 -7497
7577 -7517
7578 -7540
7579 -7568
7580 -7588
7581 -7612
7582 -7631
7583 -7651
7584 -7672
7585 -7693
7586 -7709
7587 -7729
7588 -7744
7589 -7759
7590 -7772
7591 -7787
7592 -7797
7593 -7807
7594 -7817
7595 -7828
7596 -7834
7597 -7836
7598 -7844
7599 -7844
7600 -7848
7601 -7849
7602 -7850
7603 -7847
7604 -7845
7605 -7843
7606 -7837
7607 -7831
7608 -7823
7609 -7812
7610 -7805
7611 -7797
7612 -7784
7613 -7772
7614 -7759
7615 -7747
7616 -7734
7617 -7719
7618 -7704
7619 -7691
7620 -7674
7621 -7658
7622 -7644
7623 -7627
7624 -7609
7625 -7595
7626 -7577
7627 -7563
7628 -7547
7629 -7533
7630 -7519
7631 -7503
7632 -7487
7633 -7474
7634 -7460
7635 -7444
7636 -7435
7637 -7419
7638 -7406
7639 -7391
7640 -7385
7641 -7374
7642 -7362
7643 -7354
7644 -7344
7645 -7337
7646 -7325
7647 -7319
7648 -7311
7649 -7304
7650 -7298
7651 -7290
7652 -7284
7653 -7277
7654 -7271
7655 -7266
7656 -7262
7657 -7255
7658 -7252
7659 -7243
7660 -7238
7661 -7235
7662 -7227
7663 -7223
7664 -7218
7665 -7212
7666 -7204
7667 -7199
7668 -7191
7669 -7185
7670 -7179
7671 -7170
7672 -7165
7673 -7157
7674 -7148
7675 -7138
7676 -7128
7677 -7120
7678 -7109
7679 -7096
7680 -7088
7681 -7077
7682 -7064
7683 -7050
7684 -7040
7685 -7028
7686 -7013
7687 -7000
7688 -6983
7689 -6971
7690 -6957
7691 -6936
7692 -6923
7693 -6905
7694 -6888
7695 -6874
7696 -6856
7697 -6837
7698 -6820
7699 -6799
7700 -6780
7701 -6762
7702 -6743
7703 -6725
7704 -6707
7705 -6689
7706 -6666
7707 -6647
7708 -6628
7709 -6608
7710 -6590
7711 -6568
7712 -6547
7713 -6528
7714 -6510
7715 -6490
7716 -6471
7717 -6452
7718 -6434
7719 -6414
7720 -6395
7721 -6377
7722 -6358
7723 -6341
7724 -6323
7725 -6308
7726 -6293
7727 -6278
7728 -6263
7729 -6247
7730 -6233
7731 -6219
7732 -6208
7733 -6195
7734 -6186
7735 -6176
7736 -6167
7737 -6160
7738 -6152
7739 -6147
7740 -6141
7741 -6137
7742 -6135
7743 -6135
7744 -6134
7745 -6135
7746 -6135
7747 -6143
7748 -6145
7749 -6151
7750 -6157
7751 -6164
7752 -6176
7753 -6185
7754 -6198
7755 -6209
7756 -6223
7757 -6239
7758 -6253
7759 -6273
7760 -6290
7761 -6308
7762 -6330
7763 -6345
7764 -6368
7765 -6389
7766 -6408
7767 -6429
7768 -6451
7769 -6472
7770 -6493
7771 -6515
7772 -6534
7773 -6553
7774 -6572
7775 -6591
7776 -6612
7777 -6628
7778 -6645
7779 -6659
7780 -6672
7781 -6683
7782 -6697
7783 -6705
7784 -6715
7785 -6723
7786 -6727
7787 -6734
7788 -6735
7789 -6739
7790 -6736
7791 -6735
7792 -6732
7793 -6726
7794 -6719
7795 -6714
7796 -6705
7797 -6696
7798 -6686
7799 -6672
7800 -6663
7801 -6648
7802 -6632
7803 -6619
7804 -6603
7805 -6586
7806 -6569
7807 -6554
7808 -6537
7809 -6521
7810 -6506
7811 -6492
7812 -6475
7813 -6463
7814 -6446
7815 -6433
7816 -6420
7817 -6406
7818 -6401
7819 -6388
7820 -6382
7821 -6372
7822 -6369
7823 -6361
7824 -6360
7825 -6360
7826 -6356
7827 -6357
7828 -6361
7829 -6365
7830 -6371
7831 -6375
7832 -6383
7833 -6390
7834 -6402
7835 -6410
7836 -6423
7837 -6436
7838 -6449
7839 -6467
7840 -6480
7841 -6493
7842 -6515
7843 -6531
7844 -6551
7845 -6570
7846 -6589
7847 -6607
7848 -6629
7849 -6649
7850 -6671
7851 -6691
7852 -6715
7853 -6736
7854 -6757
7855 -6778
7856 -6800
7857 -6820
7858 -6841
7859 -6864
7860 -6883
7861 -6903
7862 -6924
7863 -6944
7864 -6966
7865 -6986
7866 -7007
7867 -7027
7868 -7044
7869 -7062
7870 -7081
7871 -7102
7872 -7120
7873 -7135
7874 -7154
7875 -7168
7876 -7185
7877 -7200
7878 -7218
7879 -7232
7880 -7244
7881 -7260
7882 -7274
7883 -7284
7884 -7296
7885 -7310
7886 -7319
7887 -7331
7888 -7340
7889 -7348
7890 -7359
7891 -7368
7892 -7375
7893 -7382
7894 -7387
7895 -7392
7896 -7396
7897 -7402
7898 -7403
7899 -7404
7900 -7406
7901 -7409
7902 -7406
7903 -7404
7904 -7407
7905 -7404
7906 -7399
7907 -7397
7908 -7394
7909 -7389
7910 -7384
7911 -7381
7912 -7374
7913 -7367
7914 -7361
7915 -7358
7916 -7349
7917 -7340
7918 -7333
7919 -7327
7920 -7319
7921 -7311
7922 -7303
7923 -7296
7924 -7287
7925 -7281
7926 -7276
7927 -7266
7928 -7258
7929 -7251
7930 -7246
7931 -7239
7932 -7234
7933 -7228
7934 -7223
7935 -7220
7936 -7215
7937 -7210
7938 -7206
7939 -7204
7940 -7200
7941 -7195
7942 -7195
7943 -7192
7944 -7188
7945 -7186
7946 -7185
7947 -7186
7948 -7184
7949 -7180
7950 -7176
7951 -7174
7952 -7173
7953 -7171
7954 -7166
7955 -7163
7956 -7162
7957 -7157
7958 -7155
7959 -7148
7960 -7143
7961 -7139
7962 -7131
7963 -7122
7964 -7116
7965 -7109
7966 -7097
7967 -7087
7968 -7077
7969 -7066
7970 -7054
7971 -7040
7972 -7025
7973 -7011
7974 -6996
7975 -6981
7976 -6963
7977 -6946
7978 -6927
7979 -6910
7980 -6891
7981 -6874
7982 -6854
7983 -6836
7984 -6815
7985 -6795
7986 -6775
7987 -6760
7988 -6739
7989 -6718
7990 -6701
7991 -6680
7992 -6666
7993 -6647
7994 -6631
7995 -6615
7996 -6598
7997 -6584
7998 -6567
7999 -6556
