2533
916
1222
-496
-2579
1163
-623
2470
901
-2010
1818
195
1816
120
2434
112
167
-2351
2759
2093
489
1766
3038
-485
2678
1104
459
1731
1088
443
-211
-1834
769
-221
-1852
1316
-2160
-936
351
1659
53
-611
648
1952
-1573
1575
13
-651
608
-8
-671
587
-31
-695
564
-54
240
2485
1841
-727
512
-104
-773
486
-132
-1761
-1472
-2118
-854
-2445
-2154
-1840
-2485
-2182
-1869
-2513
-2208
-2852
-2547
-2232
-1917
1923
1268
630
-1451
1443
-2229
2186
621
1893
286
-359
1326
-573
-2321
-2034
1095
-2323
1785
991
-2026
-2723
-2723
468
-128
-773
-1440
-2098
-2751
-1484
-3075
-2778
-1501
1055
-2744
