0 1855
1 1868
2 1851
3 1870
4 1862
5 1871
6 1868
7 1885
8 1867
9 1873
10 1877
11 1880
12 1853
13 1880
14 1877
15 1883
16 1877
17 1884
18 1882
19 1886
20 1886
21 1889
22 1886
23 1887
24 1891
25 1887
26 1893
27 1894
28 1898
29 1899
30 1893
31 1895
32 1898
33 1897
34 1899
35 1901
36 1903
37 1901
38 1902
39 1909
40 1907
41 1908
42 1912
43 1910
44 1912
45 1910
46 1909
47 1912
48 1914
49 1917
50 1917
51 1918
52 1924
53 1925
54 1931
55 1928
56 1930
57 1935
58 1933
59 1934
60 1928
61 1931
62 1938
63 1936
64 1938
65 1941
66 1941
67 1943
68 1943
69 1951
70 1947
71 1951
72 1954
73 1954
74 1960
75 1955
76 1957
77 1957
78 1961
79 1961
80 1963
81 1966
82 1963
83 1968
84 1974
85 1972
86 1975
87 1977
88 1975
89 1978
90 1975
91 1980
92 1980
93 1981
94 1982
95 1987
96 1994
97 1994
98 1990
99 1996
100 1999
101 1999
102 2001
103 1998
104 2004
105 2001
106 2003
107 2009
108 2007
109 2008
110 2011
111 2013
112 2012
113 2013
114 2019
115 2018
116 2021
117 2023
118 2022
119 2024
120 2024
121 2025
122 2027
123 2027
124 2029
125 2031
126 2032
127 2031
128 2034
129 2039
130 2039
131 2042
132 2045
133 2045
134 2046
135 2042
136 2045
137 2049
138 2050
139 2048
140 2053
141 2055
142 2055
143 2056
144 2063
145 2060
146 2064
147 2065
148 2064
149 2066
150 2062
151 2065
152 2069
153 2070
154 2071
155 2074
156 2075
157 2078
158 2076
159 2081
160 2081
161 2082
162 2087
163 2085
164 2087
165 2082
166 2085
167 2089
168 2091
169 2092
170 2095
171 2095
172 2098
173 2096
174 2104
175 2102
176 2103
177 2107
178 2107
179 2108
180 2106
181 2107
182 2110
183 2110
184 2113
185 2114
186 2117
187 2116
188 2119
189 2125
190 2124
191 2122
192 2125
193 2125
194 2127
195 2125
196 2125
197 2129
198 2131
199 2134
200 2135
201 2137
202 2135
203 2138
204 2144
205 2141
206 2143
207 2146
208 2149
209 2150
210 2147
211 2150
212 2153
213 2155
214 2154
215 2159
216 2158
217 2158
218 2160
219 2165
220 2163
221 2165
222 2169
223 2169
224 2170
225 2167
226 2168
227 2170
228 2173
229 2174
230 2176
231 2181
232 2182
233 2182
234 2190
235 2188
236 2192
237 2193
238 2193
239 2192
240 2189
241 2191
242 2197
243 2196
244 2197
245 2199
246 2200
247 2201
248 2203
249 2212
250 2208
251 2211
252 2214
253 2216
254 2220
255 2216
256 2219
257 2218
258 2220
259 2220
260 2223
261 2225
262 2227
263 2225
264 2235
265 2235
266 2236
267 2238
268 2235
269 2240
270 2237
271 2241
272 2242
273 2243
274 2242
275 2248
276 2251
277 2252
278 2249
279 2258
280 2259
281 2258
282 2259
283 2259
284 2262
285 2260
286 2262
287 2266
288 2267
289 2268
290 2271
291 2273
292 2270
293 2274
294 2279
295 2280
296 2280
297 2283
298 2280
299 2282
300 2283
301 2283
302 2284
303 2286
304 2287
305 2291
306 2291
307 2290
308 2293
309 2298
310 2299
311 2299
312 2302
313 2304
314 2304
315 2300
316 2303
317 2306
318 2306
319 2308
320 2310
321 2314
322 2311
323 2315
324 2321
325 2319
326 2320
327 2323
328 2322
329 2324
330 2320
331 2323
332 2326
333 2327
334 2330
335 2331
336 2334
337 2334
338 2330
339 2341
340 2337
341 2340
342 2341
343 2338
344 2345
345 2339
346 2342
347 2342
348 2345
349 2347
350 2346
351 2350
352 2349
353 2348
354 2356
355 2354
356 2356
357 2357
358 2355
359 2357
360 2356
361 2357
362 2361
363 2360
364 2363
365 2365
366 2367
367 2366
368 2368
369 2376
370 2373
371 2371
372 2375
373 2375
374 2376
375 2376
376 2376
377 2379
378 2377
379 2382
380 2384
381 2384
382 2383
383 2388
384 2392
385 2389
386 2389
387 2394
388 2395
389 2397
390 2393
391 2395
392 2396
393 2397
394 2399
395 2401
396 2404
397 2401
398 2404
399 2411
400 2408
401 2410
402 2414
403 2413
404 2415
405 2409
406 2412
407 2413
408 2416
409 2417
410 2419
411 2424
412 2422
413 2425
414 2433
415 2429
416 2431
417 2431
418 2434
419 2433
420 2431
421 2431
422 2435
423 2436
424 2438
425 2440
426 2441
427 2442
428 2443
429 2452
430 2448
431 2451
432 2452
433 2456
434 2457
435 2452
436 2454
437 2461
438 2459
439 2458
440 2464
441 2463
442 2462
443 2468
444 2472
445 2472
446 2474
447 2478
448 2477
449 2480
450 2475
451 2477
452 2481
453 2480
454 2484
455 2488
456 2489
457 2484
458 2490
459 2496
460 2490
461 2498
462 2498
463 2498
464 2499
465 2495
466 2497
467 2503
468 2504
469 2506
470 2507
471 2508
472 2509
473 2511
474 2515
475 2516
476 2515
477 2520
478 2519
479 2520
480 2520
481 2521
482 2526
483 2524
484 2525
485 2529
486 2528
487 2530
488 2531
489 2535
490 2538
491 2535
492 2540
493 2540
494 2543
495 2538
496 2541
497 2540
498 2544
499 2547
500 2550
501 2551
502 2552
503 2552
504 2555
505 2554
506 2554
507 2559
508 2557
509 2560
510 2558
511 2560
512 2562
513 2561
514 2566
515 2565
516 2569
517 2568
518 2567
519 2576
520 2571
521 2574
522 2575
523 2576
524 2581
525 2574
526 2576
527 2579
528 2581
529 2583
530 2582
531 2585
532 2584
533 2585
534 2590
535 2588
536 2590
537 2592
538 2591
539 2594
540 2595
541 2593
542 2596
543 2597
544 2598
545 2600
546 2603
547 2607
548 2606
549 2612
550 2611
551 2608
552 2614
553 2615
554 2614
555 2612
556 2612
557 2615
558 2616
559 2622
560 2619
561 2623
562 2622
563 2624
564 2630
565 2627
566 2629
567 2636
568 2636
569 2637
570 2633
571 2636
572 2638
573 2638
574 2639
575 2644
576 2643
577 2643
578 2644
579 2650
580 2649
581 2654
582 2654
583 2656
584 2656
585 2652
586 2655
587 2660
588 2659
589 2659
590 2664
591 2669
592 2668
593 2666
594 2676
595 2674
596 2679
597 2678
598 2674
599 2678
600 2671
601 2677
602 2678
603 2681
604 2681
605 2685
606 2684
607 2684
608 2689
609 2695
610 2689
611 2696
612 2696
613 2698
614 2703
615 2698
616 2701
617 2700
618 2701
619 2703
620 2705
621 2706
622 2705
623 2707
624 2715
625 2714
626 2718
627 2719
628 2719
629 2719
630 2716
631 2720
632 2725
633 2723
634 2724
635 2728
636 2730
637 2729
638 2730
639 2737
640 2733
641 2738
642 2740
643 2738
644 2741
645 2735
646 2740
647 2743
648 2743
649 2746
650 2749
651 2749
652 2751
653 2752
654 2756
655 2758
656 2756
657 2760
658 2760
659 2760
660 2760
661 2761
662 2764
663 2764
664 2765
665 2768
666 2769
667 2769
668 2769
669 2776
670 2777
671 2776
672 2781
673 2781
674 2782
675 2779
676 2781
677 2780
678 2782
679 2784
680 2790
681 2789
682 2790
683 2790
684 2795
685 2793
686 2795
687 2798
688 2797
689 2799
690 2796
691 2799
692 2798
693 2799
694 2802
695 2802
696 2805
697 2806
698 2805
699 2814
700 2810
701 2812
702 2814
703 2815
704 2818
705 2813
706 2815
707 2817
708 2820
709 2821
710 2822
711 2822
712 2826
713 2825
714 2831
715 2830
716 2832
717 2835
718 2834
719 2837
720 2834
721 2834
722 2836
723 2838
724 2840
725 2840
726 2846
727 2847
728 2849
729 2852
730 2850
731 2853
732 2856
733 2856
734 2856
735 2853
736 2857
737 2861
738 2862
739 2863
740 2865
741 2865
742 2868
743 2866
744 2873
745 2870
746 2875
747 2884
748 2881
749 2883
750 2882
751 2883
752 2883
753 2885
754 2892
755 2889
756 2891
757 2895
758 2888
759 2899
760 2901
761 2906
762 2906
763 2905
764 2906
765 2904
766 2904
767 2904
768 2904
769 2906
770 2919
771 2922
772 2922
773 2920
774 2922
775 2925
776 2922
777 2925
778 2922
779 2928
780 2927
781 2923
782 2933
783 2929
784 2934
785 2937
786 2938
787 2940
788 2937
789 2947
790 2944
791 2946
792 2954
793 2955
794 2956
795 2950
796 2951
797 2954
798 2955
799 2955
800 2961
801 2961
802 2962
803 2958
804 2970
805 2969
806 2970
807 2972
808 2970
809 2974
810 2967
811 2972
812 2976
813 2975
814 2978
815 2984
816 2985
817 2985
818 2982
819 2990
820 2990
821 2991
822 2994
823 2992
824 2992
825 2990
826 2992
827 2998
828 3000
829 2998
830 3003
831 3002
832 3003
833 3005
834 3008
835 3009
836 3007
837 3010
838 3011
839 3012
840 3010
841 3011
842 3016
843 3017
844 3017
845 3020
846 3019
847 3019
848 3020
849 3025
850 3027
851 3026
852 3029
853 3029
854 3032
855 3026
856 3028
857 3029
858 3033
859 3033
860 3040
861 3039
862 3038
863 3041
864 3046
865 3044
866 3047
867 3049
868 3051
869 3051
870 3046
871 3049
872 3052
873 3052
874 3054
875 3058
876 3057
877 3059
878 3058
879 3066
880 3063
881 3064
882 3069
883 3070
884 3072
885 3070
886 3070
887 3075
888 3074
889 3075
890 3080
891 3080
892 3079
893 3079
894 3087
895 3085
896 3089
897 3091
898 3091
899 3092
