0 -1878
1 -1930
2 -1932
3 -1943
4 -1932
5 -1935
6 -1941
7 -1964
8 -1947
9 -1909
10 -1949
11 -1945
12 -1951
13 -1954
14 -1955
15 -1966
16 -1956
17 -1973
18 -1965
19 -1970
20 -1971
21 -1977
22 -1974
23 -1968
24 -1981
25 -1973
26 -1983
27 -1987
28 -1985
29 -1987
30 -1991
31 -1943
32 -1947
33 -1946
34 -1950
35 -1948
36 -1954
37 -1953
38 -1951
39 -1957
40 -1949
41 -1960
42 -1963
43 -1966
44 -1966
45 -1971
46 -1969
47 -1975
48 -1973
49 -1978
50 -1980
51 -1981
52 -1984
53 -1987
54 -1984
55 -1986
56 -1993
57 -1991
58 -1991
59 -1994
60 -1998
61 -1998
62 -2004
63 -2051
64 -2051
65 -2007
66 -2008
67 -2009
68 -2010
69 -2013
70 -2011
71 -2017
72 -2016
73 -2024
74 -2022
75 -2024
76 -2027
77 -2033
78 -2027
79 -2035
80 -2035
81 -2032
82 -2029
83 -2036
84 -2035
85 -2033
86 -2039
87 -2037
88 -2043
89 -2041
90 -2046
91 -2043
92 -2051
93 -2044
94 -2053
95 -2048
96 -2052
97 -2051
98 -2058
99 -2058
100 -2057
101 -2061
102 -2061
103 -2063
104 -2062
105 -2063
106 -2063
107 -2069
108 -2065
109 -2069
110 -2075
111 -2067
112 -2069
113 -2072
114 -2069
115 -2071
116 -2071
117 -2072
118 -2073
119 -2075
120 -2078
121 -2081
122 -2084
123 -2079
124 -2085
125 -2082
126 -2084
127 -2081
128 -2087
129 -2090
130 -2091
131 -2097
132 -2085
133 -2093
134 -2092
135 -2105
136 -2150
137 -2109
138 -2101
139 -2103
140 -2104
141 -2101
142 -2108
143 -2108
144 -2106
145 -2107
146 -2109
147 -2110
148 -2116
149 -2111
150 -2115
151 -2110
152 -2121
153 -2115
154 -2116
155 -2122
156 -2122
157 -2122
158 -2121
159 -2125
160 -2118
161 -2128
162 -2129
163 -2135
164 -2137
165 -2141
166 -2141
167 -2147
168 -2140
169 -2145
170 -2145
171 -2151
172 -2192
173 -2143
174 -2144
175 -2146
176 -2152
177 -2150
178 -2157
179 -2160
180 -2162
181 -2163
182 -2169
183 -2159
184 -2174
185 -2164
186 -2176
187 -2173
188 -2175
189 -2185
190 -2177
191 -2177
192 -2181
193 -2180
194 -2183
195 -2189
196 -2183
197 -2201
198 -2239
199 -2192
200 -2195
201 -2198
202 -2198
203 -2195
204 -2199
205 -2198
206 -2201
207 -2203
208 -2203
209 -2212
210 -2216
211 -2213
212 -2219
213 -2215
214 -2219
215 -2217
216 -2216
217 -2215
218 -2226
219 -2220
220 -2223
221 -2230
222 -2227
223 -2233
224 -2231
225 -2236
226 -2235
227 -2240
228 -2234
229 -2241
230 -2241
231 -2244
232 -2242
233 -2247
234 -2245
235 -2244
236 -2248
237 -2250
238 -2243
239 -2250
240 -2248
241 -2257
242 -2307
243 -2304
244 -2257
245 -2260
246 -2257
247 -2259
248 -2263
249 -2259
250 -2266
251 -2262
252 -2261
253 -2266
254 -2269
255 -2265
256 -2271
257 -2281
258 -2276
259 -2279
260 -2267
261 -2278
262 -2271
263 -2273
264 -2280
265 -2276
266 -2282
267 -2269
268 -2277
269 -2285
270 -2276
271 -2282
272 -2290
273 -2283
274 -2286
275 -2291
276 -2285
277 -2292
278 -2290
279 -2296
280 -2293
281 -2295
282 -2294
283 -2287
284 -2294
285 -2289
286 -2294
287 -2297
288 -2293
289 -2297
290 -2302
291 -2293
292 -2303
293 -2297
294 -2300
295 -2301
296 -2302
297 -2303
298 -2316
299 -2315
300 -2317
301 -2311
302 -2315
303 -2310
304 -2315
305 -2313
306 -2308
307 -2308
308 -2317
309 -2315
310 -2316
311 -2320
312 -2313
313 -2326
314 -2321
315 -2332
316 -2327
317 -2335
318 -2331
319 -2330
320 -2334
321 -2330
322 -2334
323 -2333
324 -2342
325 -2335
326 -2339
327 -2338
328 -2337
329 -2336
330 -2341
331 -2339
332 -2349
333 -2347
334 -2345
335 -2348
336 -2350
337 -2350
338 -2347
339 -2354
340 -2403
341 -2404
342 -2353
343 -2360
344 -2360
345 -2364
346 -2362
347 -2370
348 -2365
349 -2371
350 -2370
351 -2373
352 -2365
353 -2370
354 -2370
355 -2368
356 -2380
357 -2368
358 -2381
359 -2380
360 -2387
361 -2380
362 -2388
363 -2384
364 -2391
365 -2385
366 -2388
367 -2392
368 -2391
369 -2390
370 -2398
371 -2395
372 -2396
373 -2399
374 -2400
375 -2402
376 -2400
377 -2409
378 -2397
379 -2406
380 -2410
381 -2411
382 -2407
383 -2409
384 -2408
385 -2411
386 -2411
387 -2410
388 -2416
389 -2415
390 -2419
391 -2417
392 -2424
393 -2420
394 -2427
395 -2429
396 -2421
397 -2421
398 -2426
399 -2425
400 -2423
401 -2430
402 -2428
403 -2432
404 -2432
405 -2436
406 -2433
407 -2438
408 -2433
409 -2440
410 -2443
411 -2439
412 -2440
413 -2443
414 -2445
415 -2444
416 -2447
417 -2445
418 -2442
419 -2450
420 -2444
421 -2447
422 -2450
423 -2448
424 -2444
425 -2447
426 -2451
427 -2492
428 -2454
429 -2456
430 -2454
431 -2460
432 -2456
433 -2455
434 -2460
435 -2453
436 -2461
437 -2461
438 -2458
439 -2463
440 -2463
441 -2464
442 -2459
443 -2461
444 -2460
445 -2455
446 -2468
447 -2459
448 -2456
449 -2468
450 -2461
451 -2467
452 -2472
453 -2465
454 -2464
455 -2462
456 -2470
457 -2465
458 -2464
459 -2471
460 -2469
461 -2478
462 -2472
463 -2474
464 -2481
465 -2470
466 -2475
467 -2475
468 -2476
469 -2475
470 -2471
471 -2469
472 -2471
473 -2473
474 -2481
475 -2477
476 -2477
477 -2490
478 -2484
479 -2492
480 -2493
481 -2485
482 -2486
483 -2485
484 -2489
485 -2500
486 -2484
487 -2484
488 -2492
489 -2489
490 -2491
491 -2492
492 -2487
493 -2492
494 -2490
495 -2505
496 -2546
497 -2501
498 -2499
499 -2501
500 -2509
501 -2501
502 -2507
503 -2501
504 -2508
505 -2504
506 -2506
507 -2502
508 -2520
509 -2505
510 -2511
511 -2511
512 -2515
513 -2514
514 -2513
515 -2522
516 -2516
517 -2518
518 -2513
519 -2521
520 -2515
521 -2523
522 -2526
523 -2530
524 -2530
525 -2532
526 -2530
527 -2536
528 -2531
529 -2537
530 -2537
531 -2539
532 -2540
533 -2540
534 -2541
535 -2534
536 -2545
537 -2537
538 -2549
539 -2549
540 -2551
541 -2597
542 -2557
543 -2553
544 -2558
545 -2555
546 -2557
547 -2561
548 -2562
549 -2562
550 -2559
551 -2564
552 -2561
553 -2562
554 -2565
555 -2567
556 -2563
557 -2572
558 -2568
559 -2569
560 -2572
561 -2571
562 -2576
563 -2574
564 -2576
565 -2576
566 -2581
567 -2576
568 -2582
569 -2583
570 -2589
571 -2585
572 -2590
573 -2589
574 -2592
575 -2594
576 -2590
577 -2589
578 -2595
579 -2592
580 -2587
581 -2596
582 -2592
583 -2595
584 -2596
585 -2598
586 -2597
587 -2603
588 -2649
589 -2605
590 -2603
591 -2600
592 -2600
593 -2607
594 -2608
595 -2606
596 -2614
597 -2608
598 -2605
599 -2607
600 -2608
601 -2611
602 -2613
603 -2603
604 -2607
605 -2610
606 -2615
607 -2604
608 -2615
609 -2615
610 -2615
611 -2619
612 -2621
613 -2616
614 -2618
615 -2618
616 -2620
617 -2619
618 -2624
619 -2617
620 -2618
621 -2628
622 -2621
623 -2615
624 -2617
625 -2615
626 -2615
627 -2621
628 -2622
629 -2630
630 -2622
631 -2630
632 -2631
633 -2621
634 -2631
635 -2622
636 -2631
637 -2624
638 -2629
639 -2633
640 -2631
641 -2632
642 -2632
643 -2633
644 -2637
645 -2627
646 -2634
647 -2635
648 -2632
649 -2633
650 -2634
651 -2632
652 -2635
653 -2633
654 -2640
655 -2632
656 -2635
657 -2635
658 -2642
659 -2650
660 -2655
661 -2694
662 -2654
663 -2651
664 -2651
665 -2650
666 -2649
667 -2645
668 -2649
669 -2649
670 -2652
671 -2655
672 -2649
673 -2661
674 -2660
675 -2667
676 -2660
677 -2671
678 -2665
679 -2665
680 -2668
681 -2669
682 -2668
683 -2667
684 -2678
685 -2671
686 -2673
687 -2673
688 -2681
689 -2687
690 -2679
691 -2678
692 -2688
693 -2679
694 -2682
695 -2686
696 -2685
697 -2689
698 -2687
699 -2696
700 -2689
701 -2696
702 -2707
703 -2751
704 -2756
705 -2711
706 -2706
707 -2711
708 -2704
709 -2709
710 -2710
711 -2714
712 -2716
713 -2713
714 -2720
715 -2704
716 -2717
717 -2712
718 -2723
719 -2729
720 -2730
721 -2727
722 -2741
723 -2727
724 -2736
725 -2731
726 -2733
727 -2740
728 -2740
729 -2741
730 -2736
731 -2745
732 -2737
733 -2747
734 -2747
735 -2743
736 -2743
737 -2759
738 -2746
739 -2750
740 -2750
741 -2752
742 -2756
743 -2756
744 -2755
745 -2755
746 -2760
747 -2753
748 -2762
749 -2763
750 -2767
751 -2766
752 -2769
753 -2768
754 -2771
755 -2769
756 -2764
757 -2772
758 -2772
759 -2772
760 -2768
761 -2775
762 -2774
763 -2778
764 -2776
765 -2783
766 -2779
767 -2782
768 -2780
769 -2785
770 -2787
771 -2785
772 -2782
773 -2790
774 -2790
775 -2787
776 -2790
777 -2787
778 -2792
779 -2787
780 -2787
781 -2790
782 -2794
783 -2791
784 -2791
785 -2792
786 -2796
787 -2789
788 -2793
789 -2797
790 -2799
791 -2806
792 -2850
793 -2799
794 -2802
795 -2800
796 -2805
797 -2809
798 -2802
799 -2808
800 -2808
801 -2812
802 -2801
803 -2805
804 -2807
805 -2801
806 -2812
807 -2808
808 -2801
809 -2815
810 -2809
811 -2814
812 -2814
813 -2813
814 -2815
815 -2820
816 -2817
817 -2818
818 -2813
819 -2821
820 -2816
821 -2821
822 -2816
823 -2823
824 -2830
825 -2816
826 -2821
827 -2826
828 -2824
829 -2825
830 -2836
831 -2827
832 -2829
833 -2825
834 -2832
835 -2828
836 -2830
837 -2831
838 -2836
839 -2843
840 -2846
841 -2839
842 -2849
843 -2842
844 -2844
845 -2845
846 -2852
847 -2893
848 -2843
849 -2851
850 -2850
851 -2849
852 -2850
853 -2855
854 -2860
855 -2858
856 -2859
857 -2864
858 -2865
859 -2867
860 -2867
861 -2871
862 -2874
863 -2868
864 -2879
865 -2873
866 -2877
867 -2880
868 -2886
869 -2882
870 -2884
871 -2883
872 -2887
873 -2884
874 -2887
875 -2888
876 -2892
877 -2895
878 -2890
879 -2899
880 -2898
881 -2901
882 -2960
883 -2956
884 -2910
885 -2912
886 -2913
887 -2919
888 -2915
889 -2916
890 -2918
891 -2922
892 -2925
893 -2922
894 -2922
895 -2918
896 -2927
897 -2923
898 -2930
899 -2933
