0 -1039
1 -1092
2 -1086
3 -1101
4 -1099
5 -1100
6 -1092
7 -1099
8 -1100
9 -1053
10 -1110
11 -1098
12 -1109
13 -1111
14 -1068
15 -1066
16 -1068
17 -1069
18 -1067
19 -1076
20 -1071
21 -1073
22 -1072
23 -1068
24 -1067
25 -1074
26 -1070
27 -1074
28 -1075
29 -1077
30 -1080
31 -1084
32 -1085
33 -1085
34 -1092
35 -1093
36 -1086
37 -1095
38 -1086
39 -1084
40 -1086
41 -1084
42 -1089
43 -1095
44 -1098
45 -1098
46 -1101
47 -1098
48 -1096
49 -1097
50 -1102
51 -1095
52 -1114
53 -1102
54 -1108
55 -1106
56 -1108
57 -1109
58 -1117
59 -1117
60 -1116
61 -1116
62 -1111
63 -1117
64 -1122
65 -1121
66 -1127
67 -1123
68 -1127
69 -1124
70 -1128
71 -1128
72 -1124
73 -1132
74 -1128
75 -1131
76 -1136
77 -1130
78 -1137
79 -1137
80 -1143
81 -1142
82 -1146
83 -1142
84 -1145
85 -1145
86 -1142
87 -1141
88 -1152
89 -1194
90 -1152
91 -1153
92 -1158
93 -1153
94 -1158
95 -1157
96 -1158
97 -1164
98 -1161
99 -1166
100 -1161
101 -1164
102 -1166
103 -1170
104 -1167
105 -1175
106 -1183
107 -1178
108 -1177
109 -1178
110 -1181
111 -1183
112 -1180
113 -1179
114 -1176
115 -1179
116 -1179
117 -1180
118 -1189
119 -1182
120 -1192
121 -1189
122 -1199
123 -1198
124 -1199
125 -1201
126 -1256
127 -1258
128 -1203
129 -1202
130 -1207
131 -1204
132 -1213
133 -1208
134 -1207
135 -1207
136 -1204
137 -1215
138 -1208
139 -1214
140 -1215
141 -1211
142 -1218
143 -1217
144 -1215
145 -1223
146 -1219
147 -1223
148 -1225
149 -1223
150 -1233
151 -1234
152 -1232
153 -1231
154 -1237
155 -1235
156 -1237
157 -1241
158 -1237
159 -1237
160 -1238
161 -1237
162 -1235
163 -1245
164 -1243
165 -1247
166 -1252
167 -1253
168 -1250
169 -1261
170 -1255
171 -1256
172 -1256
173 -1259
174 -1254
175 -1261
176 -1255
177 -1266
178 -1259
179 -1260
180 -1266
181 -1262
182 -1270
183 -1268
184 -1271
185 -1275
186 -1270
187 -1277
188 -1274
189 -1276
190 -1286
191 -1277
192 -1282
193 -1284
194 -1285
195 -1289
196 -1290
197 -1294
198 -1288
199 -1295
200 -1298
201 -1294
202 -1299
203 -1308
204 -1340
205 -1297
206 -1293
207 -1299
208 -1303
209 -1305
210 -1313
211 -1314
212 -1310
213 -1310
214 -1319
215 -1318
216 -1312
217 -1321
218 -1321
219 -1320
220 -1319
221 -1316
222 -1316
223 -1320
224 -1325
225 -1328
226 -1326
227 -1329
228 -1333
229 -1337
230 -1336
231 -1331
232 -1336
233 -1340
234 -1342
235 -1348
236 -1350
237 -1344
238 -1349
239 -1353
240 -1401
241 -1407
242 -1347
243 -1356
244 -1361
245 -1357
246 -1362
247 -1374
248 -1364
249 -1366
250 -1363
251 -1366
252 -1365
253 -1371
254 -1361
255 -1373
256 -1374
257 -1374
258 -1383
259 -1383
260 -1380
261 -1381
262 -1387
263 -1386
264 -1386
265 -1390
266 -1386
267 -1386
268 -1391
269 -1389
270 -1401
271 -1393
272 -1392
273 -1399
274 -1398
275 -1402
276 -1400
277 -1404
278 -1405
279 -1410
280 -1406
281 -1409
282 -1408
283 -1416
284 -1411
285 -1413
286 -1420
287 -1419
288 -1422
289 -1427
290 -1424
291 -1426
292 -1430
293 -1427
294 -1426
295 -1429
296 -1426
297 -1425
298 -1432
299 -1435
300 -1431
301 -1435
302 -1444
303 -1445
304 -1446
305 -1446
306 -1442
307 -1450
308 -1450
309 -1445
310 -1451
311 -1499
312 -1451
313 -1454
314 -1455
315 -1455
316 -1458
317 -1459
318 -1457
319 -1461
320 -1469
321 -1464
322 -1465
323 -1468
324 -1467
325 -1474
326 -1467
327 -1468
328 -1477
329 -1472
330 -1482
331 -1483
332 -1481
333 -1481
334 -1491
335 -1488
336 -1489
337 -1490
338 -1492
339 -1490
340 -1498
341 -1490
342 -1497
343 -1495
344 -1498
345 -1507
346 -1560
347 -1557
348 -1508
349 -1520
350 -1515
351 -1517
352 -1516
353 -1530
354 -1517
355 -1533
356 -1521
357 -1526
358 -1521
359 -1522
360 -1527
361 -1530
362 -1535
363 -1529
364 -1537
365 -1544
366 -1544
367 -1539
368 -1545
369 -1544
370 -1552
371 -1546
372 -1551
373 -1552
374 -1547
375 -1562
376 -1557
377 -1559
378 -1564
379 -1568
380 -1563
381 -1571
382 -1559
383 -1585
384 -1570
385 -1575
386 -1571
387 -1570
388 -1574
389 -1570
390 -1580
391 -1587
392 -1587
393 -1593
394 -1599
395 -1588
396 -1595
397 -1598
398 -1615
399 -1645
400 -1603
401 -1602
402 -1600
403 -1609
404 -1604
405 -1613
406 -1612
407 -1604
408 -1613
409 -1618
410 -1615
411 -1618
412 -1626
413 -1618
414 -1620
415 -1629
416 -1634
417 -1625
418 -1633
419 -1631
420 -1631
421 -1642
422 -1634
423 -1644
424 -1648
425 -1646
426 -1649
427 -1663
428 -1700
429 -1648
430 -1650
431 -1653
432 -1646
433 -1649
434 -1649
435 -1662
436 -1659
437 -1659
438 -1663
439 -1666
440 -1663
441 -1672
442 -1668
443 -1682
444 -1673
445 -1682
446 -1677
447 -1676
448 -1678
449 -1676
450 -1688
451 -1686
452 -1681
453 -1682
454 -1687
455 -1689
456 -1686
457 -1691
458 -1694
459 -1696
460 -1693
461 -1693
462 -1693
463 -1698
464 -1694
465 -1699
466 -1707
467 -1756
468 -1760
469 -1716
470 -1708
471 -1710
472 -1714
473 -1715
474 -1710
475 -1713
476 -1709
477 -1712
478 -1716
479 -1715
480 -1714
481 -1726
482 -1728
483 -1726
484 -1736
485 -1734
486 -1730
487 -1730
488 -1740
489 -1735
490 -1739
491 -1735
492 -1738
493 -1742
494 -1744
495 -1744
496 -1743
497 -1743
498 -1746
499 -1754
500 -1751
501 -1753
502 -1757
503 -1756
504 -1761
505 -1760
506 -1759
507 -1762
508 -1767
509 -1762
510 -1772
511 -1768
512 -1768
513 -1773
514 -1777
515 -1774
516 -1781
517 -1781
518 -1783
519 -1778
520 -1787
521 -1780
522 -1784
523 -1783
524 -1783
525 -1790
526 -1798
527 -1796
528 -1795
529 -1807
530 -1850
531 -1806
532 -1805
533 -1810
534 -1806
535 -1811
536 -1803
537 -1810
538 -1807
539 -1814
540 -1813
541 -1818
542 -1821
543 -1821
544 -1825
545 -1825
546 -1828
547 -1827
548 -1835
549 -1828
550 -1839
551 -1835
552 -1833
553 -1835
554 -1836
555 -1843
556 -1850
557 -1848
558 -1852
559 -1908
560 -1902
561 -1855
562 -1864
563 -1862
564 -1853
565 -1859
566 -1859
567 -1864
568 -1869
569 -1855
570 -1863
571 -1871
572 -1877
573 -1876
574 -1879
575 -1885
576 -1877
577 -1883
578 -1889
579 -1884
580 -1878
581 -1882
582 -1881
583 -1886
584 -1879
585 -1894
586 -1890
587 -1894
588 -1895
589 -1899
590 -1890
591 -1897
592 -1898
593 -1894
594 -1898
595 -1897
596 -1905
597 -1901
598 -1908
599 -1915
600 -1910
601 -1909
602 -1904
603 -1909
604 -1913
605 -1918
606 -1916
607 -1921
608 -1919
609 -1919
610 -1916
611 -1923
612 -1921
613 -1926
614 -1918
615 -1925
616 -1929
617 -1927
618 -1928
619 -1931
620 -1937
621 -1933
622 -1941
623 -1937
624 -1942
625 -1943
626 -1938
627 -1937
628 -1943
629 -1940
630 -1950
631 -1947
632 -1947
633 -1946
634 -1947
635 -1954
636 -2000
637 -1959
638 -1953
639 -1956
640 -1957
641 -1955
642 -1960
643 -1957
644 -1960
645 -1965
646 -1969
647 -1973
648 -1973
649 -1974
650 -1978
651 -1975
652 -1978
653 -1978
654 -1972
655 -1980
656 -1978
657 -1975
658 -1984
659 -1979
660 -1981
661 -1984
662 -1988
663 -1993
664 -1991
665 -1998
666 -1995
667 -1998
668 -1997
669 -1992
670 -1996
671 -1995
672 -1999
673 -2000
674 -2014
675 -2057
676 -2060
677 -2006
678 -2006
679 -2015
680 -2014
681 -2016
682 -2020
683 -2018
684 -2019
685 -2012
686 -2022
687 -2018
688 -2023
689 -2020
690 -2022
691 -2030
692 -2029
693 -2031
694 -2037
695 -2035
696 -2039
697 -2035
698 -2043
699 -2043
700 -2035
701 -2041
702 -2044
703 -2044
704 -2045
705 -2047
706 -2054
707 -2053
708 -2056
709 -2064
710 -2058
711 -2058
712 -2056
713 -2063
714 -2061
715 -2071
716 -2064
717 -2067
718 -2067
719 -2075
720 -2073
721 -2077
722 -2077
723 -2078
724 -2083
725 -2081
726 -2092
727 -2086
728 -2085
729 -2086
730 -2090
731 -2089
732 -2094
733 -2093
734 -2095
735 -2109
736 -2153
737 -2150
738 -2106
739 -2115
740 -2108
741 -2116
742 -2107
743 -2125
744 -2111
745 -2114
746 -2111
747 -2111
748 -2122
749 -2110
750 -2120
751 -2126
752 -2120
753 -2125
754 -2127
755 -2131
756 -2130
757 -2130
758 -2131
759 -2131
760 -2141
761 -2132
762 -2134
763 -2135
764 -2134
765 -2145
766 -2132
767 -2142
768 -2147
769 -2152
770 -2149
771 -2149
772 -2150
773 -2150
774 -2149
775 -2155
776 -2154
777 -2153
778 -2161
779 -2159
780 -2156
781 -2157
782 -2154
783 -2161
784 -2165
785 -2166
786 -2169
787 -2170
788 -2165
789 -2169
790 -2169
791 -2171
792 -2164
793 -2169
794 -2165
795 -2171
796 -2178
797 -2175
798 -2179
799 -2180
800 -2186
801 -2185
802 -2193
803 -2186
804 -2192
805 -2194
806 -2192
807 -2190
808 -2192
809 -2191
810 -2201
811 -2247
812 -2195
813 -2197
814 -2199
815 -2204
816 -2201
817 -2207
818 -2206
819 -2208
820 -2206
821 -2209
822 -2209
823 -2216
824 -2213
825 -2219
826 -2224
827 -2224
828 -2226
829 -2227
830 -2229
831 -2228
832 -2232
833 -2223
834 -2223
835 -2231
836 -2230
837 -2230
838 -2236
839 -2231
840 -2233
841 -2238
842 -2241
843 -2245
844 -2245
845 -2248
846 -2246
847 -2249
848 -2251
849 -2298
850 -2259
851 -2251
852 -2257
853 -2255
854 -2258
855 -2257
856 -2264
857 -2258
858 -2260
859 -2264
860 -2265
861 -2269
862 -2273
863 -2271
864 -2270
865 -2271
866 -2270
867 -2271
868 -2273
869 -2274
870 -2278
871 -2284
872 -2284
873 -2284
874 -2289
875 -2289
876 -2289
877 -2289
878 -2297
879 -2289
880 -2293
881 -2296
882 -2299
883 -2300
884 -2300
885 -2303
886 -2357
887 -2355
888 -2307
889 -2312
890 -2315
891 -2311
892 -2318
893 -2323
894 -2317
895 -2323
896 -2318
897 -2323
898 -2319
899 -2329
