0 3080
1 3077
2 3070
3 3062
4 3076
5 3076
6 3091
7 3010
8 3035
9 3056
10 3060
11 3082
12 3082
13 3072
14 3038
15 3093
16 3043
17 3070
18 3073
19 3075
20 3079
21 3075
22 3080
23 3083
24 3087
25 3085
26 3090
27 3092
28 3089
29 3090
30 3100
31 3090
32 3088
33 3099
34 3095
35 3099
36 3096
37 3105
38 3104
39 3106
40 3107
41 3109
42 3115
43 3117
44 3113
45 3124
46 3113
47 3115
48 3121
49 3120
50 3123
51 3124
52 3123
53 3124
54 3128
55 3130
56 3131
57 3136
58 3135
59 3135
60 3145
61 3137
62 3140
63 3143
64 3144
65 3149
66 3143
67 3145
68 3147
69 3151
70 3151
71 3154
72 3156
73 3157
74 3155
75 3164
76 3159
77 3161
78 3165
79 3163
80 3163
81 3165
82 3166
83 3166
84 3172
85 3170
86 3179
87 3180
88 3181
89 3179
90 3187
91 3181
92 3183
93 3188
94 3185
95 3187
96 3185
97 3187
98 3189
99 3191
100 3191
101 3195
102 3197
103 3198
104 3192
105 3202
106 3199
107 3199
108 3206
109 3206
110 3209
111 3208
112 3210
113 3208
114 3212
115 3212
116 3215
117 3219
118 3218
119 3215
120 3223
121 3222
122 3219
123 3228
124 3225
125 3228
126 3225
127 3227
128 3227
129 3235
130 3234
131 3235
132 3239
133 3240
134 3238
135 3250
136 3245
137 3248
138 3250
139 3247
140 3249
141 3250
142 3252
143 3252
144 3255
145 3255
146 3258
147 3261
148 3262
149 3260
150 3269
151 3266
152 3270
153 3276
154 3276
155 3275
156 3274
157 3277
158 3277
159 3281
160 3280
161 3285
162 3288
163 3285
164 3287
165 3294
166 3286
167 3286
168 3290
169 3290
170 3293
171 3293
172 3294
173 3294
174 3299
175 3297
176 3305
177 3311
178 3310
179 3306
180 3319
181 3309
182 3308
183 3318
184 3314
185 3317
186 3315
187 3317
188 3316
189 3320
190 3320
191 3322
192 3325
193 3326
194 3326
195 3334
196 3331
197 3328
198 3337
199 3341
200 3343
201 3339
202 3344
203 3341
204 3348
205 3345
206 3346
207 3350
208 3350
209 3351
210 3359
211 3353
212 3350
213 3358
214 3358
215 3360
216 3361
217 3364
218 3363
219 3367
220 3368
221 3374
222 3376
223 3377
224 3374
225 3386
226 3379
227 3377
228 3385
229 3381
230 3388
231 3385
232 3388
233 3388
234 3392
235 3393
236 3396
237 3400
238 3400
239 3397
240 3409
241 3402
242 3406
243 3408
244 3410
245 3413
246 3410
247 3411
248 3413
249 3414
250 3414
251 3418
252 3421
253 3423
254 3418
255 3426
256 3424
257 3425
258 3430
259 3429
260 3427
261 3428
262 3429
263 3430
264 3436
265 3433
266 3440
267 3445
268 3445
269 3440
270 3449
271 3447
272 3446
273 3450
274 3448
275 3448
276 3447
277 3449
278 3451
279 3455
280 3454
281 3460
282 3460
283 3461
284 3461
285 3467
286 3467
287 3462
288 3471
289 3467
290 3473
291 3469
292 3475
293 3474
294 3477
295 3479
296 3480
297 3485
298 3484
299 3482
300 3489
301 3488
302 3488
303 3493
304 3492
305 3492
306 3492
307 3492
308 3494
309 3499
310 3500
311 3502
312 3507
313 3508
314 3510
315 3512
316 3514
317 3512
318 3516
319 3514
320 3514
321 3513
322 3516
323 3516
324 3520
325 3522
326 3523
327 3528
328 3530
329 3527
330 3538
331 3532
332 3533
333 3543
334 3541
335 3541
336 3538
337 3542
338 3543
339 3547
340 3548
341 3551
342 3553
343 3552
344 3554
345 3562
346 3554
347 3553
348 3562
349 3558
350 3561
351 3559
352 3562
353 3562
354 3567
355 3566
356 3578
357 3582
358 3580
359 3578
360 3587
361 3573
362 3576
363 3585
364 3581
365 3585
366 3581
367 3589
368 3588
369 3591
370 3591
371 3593
372 3597
373 3596
374 3597
375 3604
376 3601
377 3600
378 3611
379 3613
380 3616
381 3612
382 3621
383 3618
384 3622
385 3621
386 3623
387 3625
388 3622
389 3626
390 3634
391 3627
392 3624
393 3632
394 3628
395 3632
396 3629
397 3634
398 3634
399 3637
400 3640
401 3649
402 3650
403 3650
404 3647
405 3659
406 3652
407 3652
408 3660
409 3658
410 3660
411 3660
412 3662
413 3661
414 3667
415 3667
416 3670
417 3674
418 3674
419 3671
420 3681
421 3672
422 3678
423 3682
424 3683
425 3686
426 3683
427 3688
428 3688
429 3691
430 3690
431 3693
432 3696
433 3695
434 3694
435 3701
436 3698
437 3700
438 3705
439 3701
440 3702
441 3701
442 3702
443 3703
444 3709
445 3709
446 3718
447 3721
448 3722
449 3718
450 3727
451 3723
452 3723
453 3726
454 3725
455 3727
456 3724
457 3726
458 3727
459 3731
460 3732
461 3734
462 3738
463 3737
464 3735
465 3744
466 3743
467 3741
468 3748
469 3749
470 3750
471 3750
472 3753
473 3751
474 3756
475 3756
476 3760
477 3763
478 3764
479 3760
480 3769
481 3766
482 3766
483 3772
484 3770
485 3769
486 3768
487 3771
488 3771
489 3777
490 3777
491 3780
492 3786
493 3786
494 3788
495 3793
496 3790
497 3791
498 3794
499 3792
500 3793
501 3795
502 3796
503 3796
504 3800
505 3801
506 3804
507 3808
508 3808
509 3807
510 3815
511 3813
512 3818
513 3822
514 3825
515 3823
516 3819
517 3824
518 3823
519 3825
520 3828
521 3830
522 3831
523 3829
524 3833
525 3841
526 3832
527 3829
528 3839
529 3837
530 3838
531 3838
532 3842
533 3840
534 3844
535 3846
536 3855
537 3859
538 3860
539 3855
540 3865
541 3838
542 3851
543 3855
544 3856
545 3858
546 3859
547 3861
548 3860
549 3864
550 3865
551 3866
552 3871
553 3869
554 3869
555 3878
556 3874
557 3873
558 3884
559 3884
560 3884
561 3881
562 3885
563 3885
564 3891
565 3891
566 3894
567 3896
568 3895
569 3895
570 3903
571 3899
572 3900
573 3905
574 3905
575 3905
576 3903
577 3909
578 3908
579 3912
580 3917
581 3925
582 3927
583 3925
584 3923
585 3933
586 3929
587 3932
588 3935
589 3932
590 3932
591 3934
592 3936
593 3936
594 3939
595 3940
596 3944
597 3946
598 3945
599 3943
600 3950
601 3949
602 3947
603 3959
604 3958
605 3960
606 3959
607 3960
608 3959
609 3963
610 3963
611 3966
612 3970
613 3968
614 3966
615 3974
616 3971
617 3972
618 3976
619 3973
620 3973
621 3975
622 3974
623 3976
624 3982
625 3979
626 3991
627 3991
628 3993
629 3991
630 4000
631 3994
632 3999
633 4000
634 3999
635 4000
636 4001
637 4001
638 4001
639 4005
640 4005
641 4009
642 4013
643 4012
644 4009
645 4021
646 4016
647 4016
648 4022
649 4023
650 4024
651 4022
652 4026
653 4024
654 4030
655 4032
656 4035
657 4036
658 4037
659 4038
660 4046
661 4042
662 4047
663 4050
664 4046
665 4047
666 4047
667 4049
668 4048
669 4055
670 4058
671 4058
672 4063
673 4062
674 4063
675 4072
676 4067
677 4068
678 4072
679 4069
680 4072
681 4071
682 4074
683 4074
684 4081
685 4080
686 4084
687 4085
688 4085
689 4085
690 4094
691 4089
692 4094
693 4103
694 4104
695 4103
696 4099
697 4102
698 4105
699 4108
700 4109
701 4109
702 4112
703 4112
704 4112
705 4122
706 4065
707 4096
708 4104
709 4103
710 4103
711 4105
712 4107
713 4108
714 4114
715 4116
716 4122
717 4126
718 4124
719 4121
720 4132
721 4120
722 4125
723 4129
724 4128
725 4130
726 4129
727 4134
728 4132
729 4137
730 4139
731 4140
732 4143
733 4143
734 4144
735 4151
736 4150
737 4151
738 4155
739 4160
740 4161
741 4157
742 4163
743 4161
744 4169
745 4167
746 4167
747 4172
748 4169
749 4171
750 4178
751 4176
752 4172
753 4178
754 4178
755 4178
756 4174
757 4184
758 4180
759 4185
760 4187
761 4197
762 4196
763 4197
764 4198
765 4204
766 4198
767 4202
768 4205
769 4201
770 4204
771 4205
772 4207
773 4206
774 4210
775 4211
776 4214
777 4218
778 4217
779 4215
780 4224
781 4220
782 4223
783 4228
784 4227
785 4230
786 4226
787 4231
788 4231
789 4235
790 4236
791 4240
792 4243
793 4242
794 4240
795 4250
796 4244
797 4248
798 4252
799 4248
800 4248
801 4251
802 4251
803 4251
804 4258
805 4256
806 4266
807 4265
808 4265
809 4266
810 4275
811 4271
812 4272
813 4277
814 4275
815 4276
816 4274
817 4278
818 4277
819 4281
820 4282
821 4288
822 4288
823 4289
824 4290
825 4298
826 4295
827 4295
828 4299
829 4304
830 4305
831 4303
832 4308
833 4307
834 4313
835 4313
836 4315
837 4317
838 4318
839 4317
840 4323
841 4318
842 4321
843 4330
844 4326
845 4330
846 4328
847 4332
848 4332
849 4337
850 4340
851 4339
852 4343
853 4345
854 4345
855 4348
856 4343
857 4344
858 4354
859 4354
860 4351
861 4353
862 4354
863 4355
864 4358
865 4360
866 4363
867 4365
868 4366
869 4366
870 4375
871 4365
872 4369
873 4381
874 4385
875 4380
876 4381
877 4382
878 4379
879 4383
880 4387
881 4386
882 4388
883 4390
884 4392
885 4398
886 4344
887 4392
888 4395
889 4396
890 4398
891 4399
892 4401
893 4397
894 4404
895 4402
896 4414
897 4417
898 4418
899 4415
