0 2776
1 2928
2 2800
3 2930
4 2852
5 2842
6 2928
7 2812
8 2929
9 2918
10 2930
11 2905
12 2929
13 2929
14 2801
15 2933
16 2923
17 2936
18 2922
19 2913
20 2925
21 2919
22 2929
23 2921
24 2925
25 2940
26 2938
27 2934
28 2934
29 2931
30 2933
31 2932
32 2936
33 2937
34 2934
35 2939
36 2933
37 2942
38 2942
39 2944
40 2948
41 2946
42 2947
43 2952
44 2947
45 2950
46 2950
47 2956
48 2955
49 2956
50 2962
51 2948
52 2963
53 2959
54 2959
55 2968
56 2966
57 2964
58 2968
59 2965
60 2968
61 2972
62 2968
63 2971
64 2970
65 2972
66 2972
67 2980
68 2972
69 2978
70 2978
71 2983
72 2982
73 2982
74 2979
75 2981
76 2983
77 2984
78 2986
79 2986
80 2987
81 2982
82 2993
83 2991
84 2992
85 2998
86 2995
87 2998
88 3001
89 2996
90 2998
91 2997
92 2996
93 3004
94 3005
95 3007
96 2997
97 3013
98 3007
99 3010
100 3016
101 3010
102 3008
103 3013
104 3011
105 3013
106 3013
107 3014
108 3019
109 3016
110 3023
111 3012
112 3026
113 3022
114 3026
115 3028
116 3032
117 3029
118 3033
119 3028
120 3029
121 3030
122 3034
123 3033
124 3035
125 3037
126 3032
127 3042
128 3044
129 3043
130 3051
131 3048
132 3048
133 3052
134 3049
135 3049
136 3050
137 3053
138 3055
139 3061
140 3063
141 3054
142 3063
143 3063
144 3065
145 3070
146 3062
147 3067
148 3069
149 3068
150 3069
151 3071
152 3068
153 3072
154 3074
155 3082
156 3076
157 3079
158 3083
159 3086
160 3095
161 3094
162 3093
163 3091
164 3090
165 3090
166 3094
167 3093
168 3093
169 3099
170 3099
171 3100
172 3102
173 3106
174 3109
175 3106
176 3111
177 3112
178 3114
179 3111
180 3112
181 3115
182 3117
183 3117
184 3132
185 3133
186 3127
187 3136
188 3129
189 3135
190 3135
191 3133
192 3136
193 3139
194 3136
195 3135
196 3140
197 3141
198 3141
199 3143
200 3146
201 3145
202 3152
203 3153
204 3156
205 3163
206 3164
207 3157
208 3162
209 3156
210 3160
211 3162
212 3163
213 3163
214 3166
215 3168
216 3166
217 3172
218 3171
219 3178
220 3180
221 3176
222 3178
223 3183
224 3182
225 3182
226 3184
227 3186
228 3188
229 3196
230 3198
231 3188
232 3197
233 3197
234 3195
235 3203
236 3194
237 3197
238 3203
239 3200
240 3202
241 3209
242 3203
243 3204
244 3205
245 3207
246 3202
247 3214
248 3209
249 3218
250 3217
251 3221
252 3223
253 3222
254 3215
255 3220
256 3221
257 3220
258 3221
259 3226
260 3227
261 3222
262 3230
263 3231
264 3235
265 3239
266 3233
267 3240
268 3238
269 3236
270 3239
271 3238
272 3239
273 3248
274 3252
275 3252
276 3245
277 3250
278 3256
279 3251
280 3261
281 3257
282 3257
283 3261
284 3253
285 3258
286 3257
287 3259
288 3261
289 3264
290 3273
291 3265
292 3273
293 3272
294 3274
295 3276
296 3280
297 3278
298 3278
299 3275
300 3282
301 3280
302 3282
303 3281
304 3285
305 3286
306 3287
307 3291
308 3292
309 3295
310 3296
311 3302
312 3296
313 3304
314 3299
315 3302
316 3304
317 3305
318 3305
319 3316
320 3310
321 3312
322 3315
323 3317
324 3320
325 3317
326 3314
327 3320
328 3319
329 3320
330 3320
331 3326
332 3326
333 3326
334 3329
335 3332
336 3333
337 3333
338 3334
339 3338
340 3346
341 3347
342 3345
343 3344
344 3344
345 3345
346 3350
347 3350
348 3347
349 3354
350 3354
351 3353
352 3359
353 3359
354 3364
355 3364
356 3367
357 3369
358 3374
359 3368
360 3369
361 3374
362 3376
363 3379
364 3387
365 3390
366 3387
367 3394
368 3385
369 3389
370 3393
371 3391
372 3395
373 3399
374 3392
375 3393
376 3407
377 3402
378 3405
379 3406
380 3405
381 3409
382 3411
383 3415
384 3420
385 3421
386 3421
387 3422
388 3424
389 3421
390 3418
391 3427
392 3425
393 3427
394 3432
395 3430
396 3431
397 3438
398 3437
399 3438
400 3441
401 3440
402 3444
403 3449
404 3444
405 3443
406 3450
407 3449
408 3458
409 3462
410 3463
411 3454
412 3463
413 3461
414 3464
415 3468
416 3464
417 3469
418 3473
419 3467
420 3469
421 3477
422 3470
423 3473
424 3477
425 3481
426 3477
427 3487
428 3484
429 3489
430 3495
431 3497
432 3493
433 3497
434 3491
435 3496
436 3497
437 3495
438 3500
439 3503
440 3503
441 3498
442 3508
443 3510
444 3511
445 3518
446 3512
447 3516
448 3516
449 3515
450 3518
451 3520
452 3519
453 3526
454 3528
455 3531
456 3524
457 3536
458 3529
459 3535
460 3539
461 3537
462 3538
463 3542
464 3537
465 3537
466 3542
467 3546
468 3546
469 3546
470 3554
471 3548
472 3555
473 3551
474 3557
475 3561
476 3560
477 3558
478 3566
479 3560
480 3567
481 3567
482 3568
483 3571
484 3570
485 3571
486 3570
487 3575
488 3578
489 3580
490 3583
491 3582
492 3583
493 3588
494 3584
495 3583
496 3591
497 3588
498 3593
499 3598
500 3597
501 3598
502 3602
503 3599
504 3604
505 3603
506 3600
507 3608
508 3608
509 3606
510 3603
511 3613
512 3610
513 3610
514 3615
515 3618
516 3617
517 3619
518 3624
519 3626
520 3633
521 3632
522 3630
523 3633
524 3630
525 3633
526 3634
527 3635
528 3637
529 3641
530 3641
531 3640
532 3646
533 3647
534 3650
535 3653
536 3652
537 3653
538 3653
539 3651
540 3653
541 3656
542 3658
543 3660
544 3668
545 3674
546 3668
547 3674
548 3674
549 3673
550 3677
551 3674
552 3675
553 3678
554 3668
555 3678
556 3678
557 3681
558 3680
559 3679
560 3685
561 3681
562 3691
563 3686
564 3689
565 3700
566 3699
567 3698
568 3695
569 3691
570 3696
571 3696
572 3700
573 3699
574 3698
575 3703
576 3700
577 3706
578 3703
579 3705
580 3713
581 3710
582 3708
583 3712
584 3708
585 3712
586 3712
587 3710
588 3721
589 3720
590 3725
591 3717
592 3724
593 3720
594 3723
595 3730
596 3721
597 3722
598 3728
599 3723
600 3729
601 3730
602 3729
603 3728
604 3729
605 3730
606 3727
607 3736
608 3730
609 3738
610 3742
611 3744
612 3743
613 3742
614 3738
615 3743
616 3741
617 3745
618 3743
619 3747
620 3748
621 3740
622 3756
623 3752
624 3758
625 3764
626 3755
627 3758
628 3761
629 3755
630 3761
631 3758
632 3762
633 3763
634 3769
635 3767
636 3765
637 3773
638 3768
639 3773
640 3777
641 3773
642 3774
643 3774
644 3773
645 3776
646 3782
647 3778
648 3776
649 3784
650 3788
651 3785
652 3789
653 3783
654 3792
655 3792
656 3792
657 3798
658 3797
659 3796
660 3798
661 3801
662 3797
663 3797
664 3800
665 3802
666 3802
667 3805
668 3806
669 3810
670 3814
671 3817
672 3814
673 3821
674 3817
675 3819
676 3825
677 3821
678 3824
679 3833
680 3835
681 3831
682 3837
683 3833
684 3838
685 3841
686 3836
687 3843
688 3846
689 3842
690 3839
691 3846
692 3845
693 3851
694 3851
695 3855
696 3851
697 3858
698 3859
699 3866
700 3865
701 3875
702 3868
703 3869
704 3867
705 3871
706 3871
707 3873
708 3873
709 3875
710 3877
711 3875
712 3886
713 3882
714 3884
715 3886
716 3890
717 3888
718 3889
719 3888
720 3893
721 3889
722 3894
723 3896
724 3901
725 3904
726 3900
727 3907
728 3901
729 3902
730 3906
731 3906
732 3901
733 3908
734 3903
735 3908
736 3907
737 3906
738 3912
739 3909
740 3910
741 3912
742 3916
743 3907
744 3913
745 3925
746 3920
747 3919
748 3918
749 3913
750 3918
751 3917
752 3918
753 3919
754 3920
755 3922
756 3921
757 3925
758 3918
759 3923
760 3929
761 3929
762 3926
763 3925
764 3925
765 3927
766 3927
767 3924
768 3938
769 3934
770 3938
771 3932
772 3935
773 3934
774 3934
775 3940
776 3932
777 3934
778 3935
779 3934
780 3937
781 3941
782 3940
783 3939
784 3938
785 3941
786 3938
787 3947
788 3940
789 3948
790 3950
791 3952
792 3950
793 3952
794 3942
795 3953
796 3949
797 3950
798 3950
799 3956
800 3956
801 3947
802 3960
803 3958
804 3965
805 3967
806 3961
807 3963
808 3966
809 3961
810 3965
811 3965
812 3963
813 3969
814 3976
815 3977
816 3974
817 3976
818 3978
819 3981
820 3982
821 3980
822 3978
823 3983
824 3977
825 3983
826 3989
827 3981
828 3983
829 3991
830 3995
831 3982
832 3995
833 3991
834 3998
835 4003
836 4002
837 3999
838 4005
839 4000
840 4005
841 4007
842 4004
843 4004
844 4007
845 4009
846 4007
847 4013
848 4014
849 4017
850 4020
851 4022
852 4020
853 4026
854 4018
855 4025
856 4027
857 4027
858 4029
859 4036
860 4037
861 4029
862 4040
863 4036
864 4042
865 4045
866 4039
867 4041
868 4048
869 4043
870 4046
871 4044
872 4047
873 4050
874 4050
875 4055
876 4052
877 4062
878 4060
879 4059
880 4068
881 4069
882 4065
883 4067
884 4063
885 4067
886 4067
887 4069
888 4068
889 4067
890 4073
891 4066
892 4079
893 4072
894 4078
895 4081
896 4086
897 4075
898 4081
899 4078
