0 3812
1 3679
2 3705
3 3725
4 3756
5 3795
6 3865
7 3690
8 3802
9 3790
10 3754
11 3793
12 3746
13 3796
14 3752
15 3805
16 3798
17 3735
18 3755
19 3775
20 3767
21 3779
22 3781
23 3774
24 3779
25 3777
26 3775
27 3786
28 3778
29 3780
30 3779
31 3781
32 3774
33 3774
34 3776
35 3771
36 3774
37 3779
38 3772
39 3773
40 3773
41 3769
42 3777
43 3772
44 3778
45 3775
46 3781
47 3770
48 3775
49 3776
50 3776
51 3773
52 3774
53 3770
54 3770
55 3774
56 3769
57 3773
58 3769
59 3771
60 3776
61 3776
62 3772
63 3768
64 3770
65 3772
66 3771
67 3774
68 3771
69 3770
70 3775
71 3770
72 3777
73 3772
74 3773
75 3771
76 3774
77 3771
78 3775
79 3770
80 3774
81 3766
82 3770
83 3771
84 3769
85 3771
86 3769
87 3773
88 3771
89 3771
90 3764
91 3773
92 3765
93 3769
94 3772
95 3772
96 3770
97 3770
98 3769
99 3770
100 3771
101 3768
102 3774
103 3775
104 3777
105 3764
106 3772
107 3766
108 3771
109 3776
110 3770
111 3770
112 3768
113 3772
114 3769
115 3775
116 3772
117 3776
118 3780
119 3783
120 3774
121 3779
122 3778
123 3777
124 3773
125 3771
126 3773
127 3769
128 3775
129 3774
130 3776
131 3772
132 3776
133 3777
134 3779
135 3775
136 3776
137 3777
138 3780
139 3784
140 3781
141 3778
142 3779
143 3776
144 3778
145 3780
146 3773
147 3783
148 3778
149 3784
150 3778
151 3780
152 3785
153 3781
154 3781
155 3782
156 3782
157 3787
158 3784
159 3786
160 3784
161 3785
162 3791
163 3789
164 3791
165 3787
166 3791
167 3786
168 3785
169 3785
170 3790
171 3783
172 3784
173 3782
174 3780
175 3786
176 3784
177 3788
178 3788
179 3790
180 3789
181 3792
182 3788
183 3789
184 3789
185 3788
186 3786
187 3787
188 3785
189 3786
190 3786
191 3785
192 3784
193 3783
194 3790
195 3787
196 3790
197 3784
198 3787
199 3788
200 3788
201 3788
202 3789
203 3782
204 3788
205 3787
206 3792
207 3796
208 3792
209 3793
210 3788
211 3792
212 3786
213 3792
214 3787
215 3787
216 3791
217 3789
218 3784
219 3785
220 3787
221 3786
222 3789
223 3784
224 3792
225 3788
226 3794
227 3782
228 3785
229 3788
230 3793
231 3788
232 3795
233 3787
234 3784
235 3787
236 3784
237 3788
238 3782
239 3786
240 3785
241 3791
242 3787
243 3786
244 3784
245 3785
246 3784
247 3786
248 3785
249 3784
250 3789
251 3784
252 3790
253 3782
254 3790
255 3787
256 3794
257 3786
258 3786
259 3783
260 3786
261 3783
262 3784
263 3784
264 3784
265 3790
266 3786
267 3788
268 3787
269 3789
270 3782
271 3790
272 3781
273 3784
274 3792
275 3788
276 3786
277 3785
278 3785
279 3783
280 3789
281 3782
282 3791
283 3785
284 3794
285 3782
286 3787
287 3783
288 3786
289 3783
290 3787
291 3785
292 3781
293 3786
294 3786
295 3785
296 3776
297 3794
298 3791
299 3799
300 3786
301 3792
302 3790
303 3793
304 3789
305 3792
306 3785
307 3784
308 3788
309 3791
310 3795
311 3787
312 3791
313 3792
314 3796
315 3790
316 3795
317 3796
318 3796
319 3795
320 3799
321 3791
322 3795
323 3796
324 3796
325 3796
326 3793
327 3794
328 3795
329 3800
330 3793
331 3797
332 3800
333 3798
334 3800
335 3799
336 3798
337 3802
338 3798
339 3800
340 3801
341 3798
342 3804
343 3801
344 3805
345 3797
346 3805
347 3804
348 3797
349 3796
350 3801
351 3799
352 3799
353 3797
354 3797
355 3801
356 3798
357 3804
358 3798
359 3805
360 3799
361 3803
362 3802
363 3803
364 3802
365 3803
366 3802
367 3802
368 3799
369 3800
370 3803
371 3799
372 3798
373 3799
374 3803
375 3800
376 3803
377 3795
378 3802
379 3802
380 3800
381 3799
382 3804
383 3798
384 3805
385 3803
386 3806
387 3804
388 3804
389 3809
390 3804
391 3807
392 3803
393 3806
394 3802
395 3806
396 3801
397 3805
398 3798
399 3797
400 3799
401 3800
402 3805
403 3799
404 3804
405 3800
406 3802
407 3795
408 3800
409 3797
410 3801
411 3801
412 3807
413 3800
414 3797
415 3803
416 3799
417 3804
418 3795
419 3801
420 3798
421 3804
422 3801
423 3799
424 3795
425 3798
426 3798
427 3802
428 3795
429 3801
430 3802
431 3798
432 3803
433 3799
434 3805
435 3800
436 3806
437 3803
438 3806
439 3799
440 3805
441 3799
442 3801
443 3801
444 3800
445 3803
446 3800
447 3804
448 3803
449 3801
450 3798
451 3806
452 3800
453 3800
454 3805
455 3807
456 3800
457 3799
458 3798
459 3802
460 3808
461 3800
462 3809
463 3802
464 3811
465 3795
466 3804
467 3801
468 3800
469 3799
470 3804
471 3799
472 3800
473 3802
474 3802
475 3805
476 3796
477 3805
478 3806
479 3810
480 3801
481 3812
482 3809
483 3806
484 3801
485 3804
486 3801
487 3801
488 3806
489 3805
490 3811
491 3801
492 3807
493 3806
494 3809
495 3803
496 3816
497 3809
498 3810
499 3811
500 3813
501 3807
502 3811
503 3809
504 3809
505 3811
506 3807
507 3814
508 3808
509 3815
510 3809
511 3810
512 3814
513 3808
514 3815
515 3815
516 3813
517 3817
518 3812
519 3816
520 3815
521 3814
522 3818
523 3815
524 3821
525 3815
526 3823
527 3817
528 3815
529 3818
530 3816
531 3814
532 3816
533 3813
534 3815
535 3820
536 3815
537 3818
538 3817
539 3823
540 3818
541 3821
542 3822
543 3820
544 3818
545 3819
546 3820
547 3821
548 3817
549 3818
550 3821
551 3816
552 3819
553 3818
554 3824
555 3821
556 3821
557 3820
558 3819
559 3819
560 3821
561 3820
562 3825
563 3818
564 3825
565 3821
566 3823
567 3824
568 3827
569 3826
570 3823
571 3828
572 3820
573 3826
574 3821
575 3827
576 3820
577 3824
578 3818
579 3825
580 3824
581 3821
582 3825
583 3823
584 3829
585 3820
586 3827
587 3818
588 3826
589 3825
590 3821
591 3824
592 3826
593 3821
594 3821
595 3822
596 3821
597 3824
598 3825
599 3827
600 3818
601 3829
602 3825
603 3827
604 3822
605 3827
606 3825
607 3823
608 3824
609 3826
610 3827
611 3824
612 3828
613 3826
614 3833
615 3826
616 3835
617 3827
618 3831
619 3824
620 3831
621 3825
622 3825
623 3825
624 3826
625 3834
626 3826
627 3834
628 3832
629 3834
630 3827
631 3833
632 3829
633 3830
634 3832
635 3834
636 3836
637 3836
638 3837
639 3830
640 3835
641 3832
642 3839
643 3834
644 3840
645 3830
646 3836
647 3832
648 3836
649 3839
650 3837
651 3832
652 3833
653 3836
654 3837
655 3839
656 3840
657 3846
658 3846
659 3844
660 3838
661 3840
662 3842
663 3843
664 3840
665 3848
666 3837
667 3837
668 3845
669 3844
670 3843
671 3841
672 3844
673 3843
674 3848
675 3844
676 3848
677 3848
678 3851
679 3846
680 3851
681 3850
682 3848
683 3849
684 3848
685 3850
686 3847
687 3848
688 3847
689 3853
690 3849
691 3852
692 3855
693 3852
694 3854
695 3854
696 3852
697 3854
698 3853
699 3857
700 3857
701 3853
702 3860
703 3858
704 3869
705 3855
706 3863
707 3859
708 3857
709 3857
710 3859
711 3858
712 3858
713 3856
714 3853
715 3862
716 3857
717 3861
718 3860
719 3867
720 3859
721 3864
722 3859
723 3859
724 3858
725 3861
726 3860
727 3863
728 3860
729 3860
730 3859
731 3859
732 3864
733 3858
734 3866
735 3859
736 3864
737 3862
738 3863
739 3865
740 3864
741 3863
742 3864
743 3863
744 3867
745 3864
746 3866
747 3868
748 3866
749 3870
750 3866
751 3873
752 3862
753 3866
754 3866
755 3868
756 3862
757 3869
758 3863
759 3865
760 3866
761 3867
762 3870
763 3868
764 3872
765 3865
766 3872
767 3867
768 3869
769 3870
770 3870
771 3869
772 3872
773 3869
774 3868
775 3869
776 3867
777 3870
778 3870
779 3874
780 3869
781 3875
782 3874
783 3874
784 3872
785 3877
786 3870
787 3873
788 3870
789 3874
790 3880
791 3874
792 3877
793 3876
794 3880
795 3877
796 3882
797 3880
798 3880
799 3874
800 3884
801 3881
802 3880
803 3877
804 3875
805 3882
806 3879
807 3880
808 3883
809 3883
810 3878
811 3883
812 3880
813 3884
814 3886
815 3886
816 3882
817 3884
818 3882
819 3881
820 3889
821 3885
822 3888
823 3886
824 3886
825 3881
826 3887
827 3881
828 3882
829 3884
830 3887
831 3886
832 3885
833 3887
834 3883
835 3894
836 3883
837 3896
838 3890
839 3895
840 3890
841 3896
842 3893
843 3891
844 3888
845 3887
846 3888
847 3888
848 3888
849 3887
850 3894
851 3888
852 3889
853 3890
854 3896
855 3896
856 3899
857 3896
858 3901
859 3895
860 3895
861 3893
862 3895
863 3895
864 3893
865 3900
866 3891
867 3897
868 3892
869 3900
870 3896
871 3900
872 3900
873 3898
874 3900
875 3897
876 3897
877 3898
878 3897
879 3895
880 3900
881 3899
882 3906
883 3901
884 3903
885 3903
886 3904
887 3904
888 3905
889 3898
890 3901
891 3898
892 3897
893 3898
894 3898
895 3904
896 3901
897 3905
898 3902
899 3909
