0 -1211
1 -1630
2 -1264
3 -1252
4 -1268
5 -1624
6 -1257
7 -1622
8 -1246
9 -1194
10 -1233
11 -1232
12 -1237
13 -1227
14 -1231
15 -1226
16 -1218
17 -1176
18 -1172
19 -1167
20 -1167
21 -1159
22 -1163
23 -1156
24 -1156
25 -1153
26 -1149
27 -1149
28 -1150
29 -1146
30 -1145
31 -1147
32 -1139
33 -1139
34 -1130
35 -1128
36 -1125
37 -1128
38 -1123
39 -1126
40 -1120
41 -1120
42 -1118
43 -1116
44 -1115
45 -1110
46 -1115
47 -1108
48 -1109
49 -1102
50 -1102
51 -1096
52 -1099
53 -1092
54 -1094
55 -1091
56 -1088
57 -1082
58 -1083
59 -1083
60 -1079
61 -1083
62 -1075
63 -1080
64 -1072
65 -1073
66 -1066
67 -1072
68 -1062
69 -1063
70 -1062
71 -1060
72 -1059
73 -1056
74 -1059
75 -1056
76 -1057
77 -1049
78 -1051
79 -1041
80 -1045
81 -1037
82 -1039
83 -1029
84 -1037
85 -1034
86 -1032
87 -1031
88 -1029
89 -1032
90 -1029
91 -1030
92 -1024
93 -1025
94 -1020
95 -1021
96 -1011
97 -1018
98 -1007
99 -1011
100 -1009
101 -999
102 -1005
103 -1000
104 -1003
105 -1001
106 -1000
107 -996
108 -997
109 -991
110 -993
111 -986
112 -994
113 -986
114 -985
115 -983
116 -982
117 -980
118 -978
119 -976
120 -975
121 -973
122 -970
123 -971
124 -957
125 -959
126 -955
127 -957
128 -953
129 -956
130 -954
131 -949
132 -947
133 -946
134 -945
135 -945
136 -944
137 -937
138 -937
139 -932
140 -931
141 -929
142 -929
143 -923
144 -921
145 -922
146 -915
147 -915
148 -900
149 -907
150 -911
151 -913
152 -907
153 -906
154 -899
155 -897
156 -893
157 -896
158 -890
159 -886
160 -883
161 -882
162 -877
163 -878
164 -880
165 -873
166 -878
167 -868
168 -869
169 -858
170 -855
171 -855
172 -854
173 -849
174 -850
175 -845
176 -842
177 -841
178 -844
179 -842
180 -838
181 -838
182 -829
183 -830
184 -825
185 -824
186 -816
187 -819
188 -812
189 -813
190 -812
191 -804
192 -802
193 -800
194 -800
195 -796
196 -796
197 -795
198 -792
199 -790
200 -786
201 -781
202 -784
203 -777
204 -777
205 -774
206 -769
207 -768
208 -770
209 -767
210 -764
211 -762
212 -757
213 -757
214 -746
215 -748
216 -746
217 -748
218 -740
219 -744
220 -740
221 -738
222 -737
223 -734
224 -735
225 -731
226 -735
227 -727
228 -729
229 -721
230 -722
231 -715
232 -719
233 -712
234 -714
235 -709
236 -707
237 -702
238 -703
239 -705
240 -702
241 -707
242 -698
243 -700
244 -695
245 -697
246 -691
247 -696
248 -686
249 -686
250 -684
251 -682
252 -682
253 -675
254 -682
255 -679
256 -680
257 -675
258 -675
259 -671
260 -669
261 -662
262 -665
263 -659
264 -661
265 -658
266 -659
267 -661
268 -654
269 -659
270 -655
271 -657
272 -653
273 -651
274 -647
275 -649
276 -641
277 -648
278 -640
279 -640
280 -638
281 -631
282 -636
283 -632
284 -633
285 -632
286 -633
287 -628
288 -628
289 -624
290 -623
291 -619
292 -626
293 -615
294 -615
295 -616
296 -615
297 -615
298 -612
299 -612
300 -610
301 -609
302 -604
303 -606
304 -602
305 -598
306 -596
307 -596
308 -591
309 -596
310 -593
311 -590
312 -591
313 -589
314 -587
315 -587
316 -586
317 -581
318 -585
319 -577
320 -577
321 -574
322 -573
323 -564
324 -569
325 -567
326 -564
327 -558
328 -560
329 -562
330 -560
331 -561
332 -555
333 -557
334 -553
335 -552
336 -544
337 -548
338 -541
339 -542
340 -542
341 -540
342 -538
343 -538
344 -538
345 -537
346 -537
347 -526
348 -526
349 -518
350 -519
351 -517
352 -518
353 -512
354 -515
355 -511
356 -511
357 -509
358 -510
359 -509
360 -504
361 -508
362 -502
363 -502
364 -493
365 -496
366 -488
367 -492
368 -483
369 -486
370 -483
371 -484
372 -481
373 -479
374 -479
375 -473
376 -477
377 -474
378 -471
379 -467
380 -467
381 -461
382 -467
383 -458
384 -457
385 -456
386 -451
387 -455
388 -454
389 -453
390 -449
391 -449
392 -446
393 -447
394 -438
395 -442
396 -438
397 -439
398 -433
399 -437
400 -436
401 -431
402 -432
403 -432
404 -430
405 -429
406 -433
407 -426
408 -427
409 -419
410 -422
411 -418
412 -423
413 -415
414 -419
415 -415
416 -412
417 -407
418 -407
419 -408
420 -407
421 -413
422 -404
423 -409
424 -403
425 -403
426 -398
427 -407
428 -396
429 -401
430 -397
431 -393
432 -394
433 -392
434 -394
435 -392
436 -392
437 -386
438 -389
439 -383
440 -382
441 -380
442 -384
443 -372
444 -378
445 -377
446 -374
447 -376
448 -372
449 -376
450 -373
451 -378
452 -372
453 -373
454 -365
455 -367
456 -361
457 -361
458 -356
459 -359
460 -354
461 -349
462 -353
463 -350
464 -353
465 -351
466 -353
467 -347
468 -348
469 -346
470 -345
471 -339
472 -341
473 -335
474 -339
475 -335
476 -336
477 -330
478 -331
479 -329
480 -327
481 -325
482 -321
483 -324
484 -309
485 -311
486 -306
487 -309
488 -302
489 -305
490 -308
491 -300
492 -298
493 -298
494 -298
495 -297
496 -296
497 -291
498 -292
499 -286
500 -285
501 -282
502 -281
503 -274
504 -278
505 -276
506 -268
507 -265
508 -262
509 -266
510 -264
511 -262
512 -259
513 -263
514 -257
515 -256
516 -251
517 -250
518 -246
519 -244
520 -244
521 -242
522 -236
523 -240
524 -239
525 -236
526 -238
527 -230
528 -231
529 -222
530 -222
531 -217
532 -217
533 -216
534 -216
535 -211
536 -212
537 -210
538 -210
539 -210
540 -205
541 -210
542 -202
543 -203
544 -194
545 -197
546 -189
547 -194
548 -184
549 -187
550 -186
551 -186
552 -181
553 -178
554 -182
555 -176
556 -179
557 -174
558 -174
559 -169
560 -167
561 -163
562 -168
563 -160
564 -160
565 -159
566 -152
567 -158
568 -153
569 -155
570 -151
571 -152
572 -149
573 -150
574 -142
575 -139
576 -140
577 -143
578 -134
579 -138
580 -137
581 -135
582 -136
583 -134
584 -133
585 -129
586 -137
587 -128
588 -130
589 -124
590 -125
591 -120
592 -126
593 -116
594 -121
595 -117
596 -114
597 -109
598 -109
599 -113
600 -109
601 -115
602 -107
603 -109
604 -106
605 -106
606 -103
607 -104
608 -96
609 -97
610 -95
611 -93
612 -95
613 -89
614 -92
615 -90
616 -90
617 -87
618 -88
619 -85
620 -83
621 -76
622 -76
623 -75
624 -73
625 -73
626 -71
627 -71
628 -68
629 -69
630 -69
631 -70
632 -67
633 -66
634 -61
635 -61
636 -56
637 -56
638 -48
639 -53
640 -50
641 -40
642 -50
643 -44
644 -45
645 -41
646 -44
647 -39
648 -41
649 -35
650 -38
651 -32
652 -32
653 -29
654 -28
655 -22
656 -19
657 -24
658 -18
659 -20
660 -20
661 -18
662 -14
663 -15
664 -2
665 -4
666 3
667 -3
668 1
669 2
670 8
671 10
672 12
673 12
674 10
675 10
676 12
677 18
678 18
679 21
680 21
681 27
682 25
683 32
684 31
685 34
686 44
687 47
688 43
689 42
690 44
691 43
692 46
693 52
694 52
695 57
696 58
697 57
698 63
699 58
700 65
701 67
702 67
703 69
704 69
705 73
706 71
707 78
708 78
709 90
710 87
711 90
712 88
713 89
714 92
715 96
716 98
717 97
718 100
719 98
720 104
721 106
722 108
723 107
724 115
725 114
726 115
727 115
728 124
729 124
730 123
731 126
732 126
733 130
734 128
735 134
736 130
737 138
738 133
739 138
740 140
741 144
742 143
743 151
744 150
745 152
746 152
747 154
748 157
749 155
750 160
751 156
752 163
753 159
754 170
755 169
756 175
757 173
758 180
759 175
760 179
761 178
762 180
763 183
764 180
765 187
766 182
767 188
768 186
769 194
770 190
771 194
772 193
773 200
774 201
775 201
776 201
777 201
778 209
779 204
780 211
781 205
782 211
783 206
784 214
785 214
786 216
787 215
788 226
789 223
790 225
791 227
792 226
793 233
794 225
795 233
796 229
797 234
798 233
799 238
800 236
801 242
802 240
803 249
804 247
805 249
806 252
807 247
808 255
809 249
810 251
811 250
812 256
813 256
814 261
815 262
816 266
817 263
818 273
819 274
820 270
821 278
822 276
823 281
824 278
825 281
826 278
827 286
828 284
829 288
830 288
831 295
832 288
833 295
834 296
835 299
836 303
837 301
838 307
839 301
840 308
841 303
842 311
843 310
844 316
845 318
846 321
847 319
848 326
849 325
850 322
851 330
852 333
853 331
854 330
855 332
856 333
857 341
858 335
859 342
860 340
861 346
862 343
863 353
864 349
865 351
866 354
867 356
868 360
869 356
870 359
871 357
872 362
873 362
874 365
875 366
876 371
877 370
878 377
879 373
880 374
881 376
882 380
883 381
884 377
885 381
886 380
887 387
888 385
889 390
890 391
891 395
892 392
893 398
894 398
895 398
896 399
897 400
898 403
899 399
900 405
901 401
902 408
903 407
904 412
905 411
906 417
907 410
908 422
909 418
910 421
911 420
912 418
913 424
914 423
915 427
916 423
917 429
918 426
919 429
920 429
921 435
922 430
923 438
924 436
925 438
926 439
927 437
928 441
929 437
930 444
931 440
932 446
933 446
934 452
935 448
936 455
937 452
938 457
939 454
940 457
941 458
942 457
943 462
944 458
945 462
946 455
947 464
948 461
949 469
950 464
951 469
952 465
953 475
954 471
955 475
956 472
957 474
958 474
959 474
960 478
961 472
962 479
963 479
964 482
965 478
966 484
967 481
968 490
969 488
970 490
971 491
972 491
973 492
974 491
975 494
976 492
977 500
978 498
979 500
980 498
981 504
982 499
983 512
984 506
985 510
986 510
987 508
988 513
989 509
990 512
991 512
992 516
993 514
994 518
995 520
996 524
997 519
998 527
999 524
1000 531
1001 533
1002 531
1003 535
1004 533
1005 536
1006 533
1007 538
1008 535
1009 538
1010 542
1011 546
1012 540
1013 550
1014 548
1015 550
1016 549
1017 557
1018 556
1019 550
1020 558
1021 552
1022 559
1023 559
1024 562
1025 561
1026 568
1027 565
1028 572
1029 570
1030 570
1031 572
1032 573
1033 572
1034 571
1035 575
1036 572
1037 579
1038 577
1039 580
1040 581
1041 583
1042 578
1043 591
1044 584
1045 591
1046 587
1047 596
1048 596
1049 591
1050 596
1051 590
1052 597
1053 597
1054 597
1055 596
1056 601
1057 597
1058 609
1059 600
1060 604
1061 605
1062 612
1063 605
1064 603
1065 607
1066 606
1067 613
1068 616
1069 613
1070 613
1071 618
1072 612
1073 625
1074 616
1075 620
1076 621
1077 621
1078 621
1079 621
1080 622
1081 621
1082 624
1083 623
1084 630
1085 626
1086 630
1087 625
1088 637
1089 632
1090 632
1091 633
1092 634
1093 637
1094 636
1095 636
1096 634
1097 641
1098 638
1099 640
1100 640
1101 644
1102 638
1103 647
1104 648
1105 647
1106 648
1107 648
1108 651
1109 647
1110 646
1111 648
1112 649
1113 653
1114 658
1115 654
1116 659
1117 655
1118 661
1119 658
1120 660
1121 660
1122 666
1123 664
1124 662
1125 664
1126 660
1127 666
1128 665
1129 672
1130 668
1131 673
1132 666
1133 677
1134 676
1135 676
1136 677
1137 676
1138 679
1139 678
1140 679
1141 673
1142 682
1143 681
1144 686
1145 682
1146 687
1147 683
1148 692
1149 690
1150 692
1151 693
1152 693
1153 689
1154 692
1155 695
1156 692
1157 701
1158 699
1159 701
1160 698
1161 707
1162 706
1163 712
1164 708
1165 713
1166 715
1167 708
1168 714
1169 710
1170 714
1171 712
1172 715
1173 714
1174 716
1175 718
1176 722
1177 717
1178 729
1179 723
1180 728
1181 733
1182 730
1183 732
1184 729
1185 735
1186 730
1187 734
1188 731
1189 736
1190 737
1191 741
1192 736
1193 746
1194 745
1195 748
1196 745
1197 746
1198 748
1199 748
1200 748
1201 747
1202 753
1203 753
1204 751
1205 753
1206 763
1207 760
1208 763
1209 762
1210 764
1211 764
1212 767
1213 765
1214 764
1215 766
1216 763
1217 772
1218 770
1219 773
1220 771
1221 773
1222 771
1223 781
1224 778
1225 783
1226 780
1227 787
1228 785
1229 783
1230 784
1231 780
1232 787
1233 786
1234 787
1235 789
1236 793
1237 789
1238 799
1239 795
1240 793
1241 796
1242 797
1243 794
1244 797
1245 800
1246 798
1247 800
1248 799
1249 802
1250 805
1251 808
1252 802
1253 813
1254 810
1255 811
1256 811
1257 808
1258 810
1259 809
1260 812
1261 810
1262 816
1263 816
1264 814
1265 814
1266 818
1267 815
1268 828
1269 823
1270 825
1271 823
1272 824
1273 828
1274 825
1275 828
1276 822
1277 828
1278 831
1279 830
1280 831
1281 835
1282 831
1283 838
1284 838
1285 837
1286 840
1287 840
1288 841
1289 841
1290 841
1291 840
1292 844
1293 846
1294 853
1295 850
1296 854
1297 852
1298 857
1299 853
1300 857
1301 858
1302 858
1303 860
1304 858
1305 860
1306 857
1307 862
1308 863
1309 867
1310 864
1311 871
1312 866
1313 876
1314 870
1315 873
1316 876
1317 877
1318 879
1319 878
1320 880
1321 874
1322 882
1323 880
1324 886
1325 881
1326 888
1327 885
1328 893
1329 894
1330 892
1331 895
1332 895
1333 895
1334 893
1335 895
1336 892
1337 901
1338 902
1339 901
1340 900
1341 909
1342 907
1343 917
1344 913
1345 913
1346 914
1347 912
1348 917
1349 910
1350 915
1351 913
1352 918
1353 916
1354 922
1355 919
1356 925
1357 924
1358 931
1359 928
1360 929
1361 938
1362 932
1363 936
1364 933
1365 936
1366 934
1367 940
1368 937
1369 941
1370 942
1371 947
1372 942
1373 951
1374 950
1375 949
1376 949
1377 953
1378 953
1379 951
1380 951
1381 949
1382 956
1383 959
1384 960
1385 961
1386 966
1387 962
1388 969
1389 965
1390 966
1391 970
1392 974
1393 969
1394 969
1395 970
1396 968
1397 974
1398 973
1399 977
1400 978
1401 979
1402 977
1403 984
1404 982
1405 981
1406 984
1407 994
1408 991
1409 988
1410 993
1411 986
1412 989
1413 990
1414 995
1415 991
1416 1000
1417 992
1418 1002
1419 998
1420 999
1421 1003
1422 1007
1423 1002
1424 1000
1425 1001
1426 997
1427 1004
1428 1007
1429 1010
1430 1010
1431 1014
1432 1012
1433 1016
1434 1015
1435 1016
1436 1018
1437 1016
1438 1016
1439 1017
1440 1019
1441 1012
1442 1020
1443 1025
1444 1025
1445 1022
1446 1026
1447 1024
1448 1035
1449 1030
1450 1033
1451 1035
1452 1032
1453 1034
1454 1033
1455 1038
1456 1034
1457 1040
1458 1037
1459 1041
1460 1043
1461 1046
1462 1045
1463 1052
1464 1048
1465 1051
1466 1055
1467 1051
1468 1056
1469 1054
1470 1057
1471 1054
1472 1059
1473 1057
1474 1069
1475 1067
1476 1070
1477 1067
1478 1074
1479 1070
1480 1072
1481 1077
1482 1074
1483 1078
1484 1075
1485 1079
1486 1078
1487 1083
1488 1082
1489 1090
1490 1086
1491 1092
1492 1088
1493 1096
1494 1088
1495 1098
1496 1098
1497 1102
1498 1104
1499 1101
1500 1107
1501 1099
1502 1105
1503 1107
1504 1111
1505 1111
1506 1115
1507 1113
1508 1119
1509 1117
1510 1118
1511 1122
1512 1122
1513 1129
1514 1122
1515 1126
1516 1125
1517 1129
1518 1130
1519 1134
1520 1136
1521 1142
1522 1139
1523 1144
1524 1144
1525 1145
1526 1150
1527 1149
1528 1153
1529 1146
1530 1148
1531 1149
1532 1152
1533 1152
1534 1155
1535 1156
1536 1160
1537 1159
1538 1166
1539 1165
1540 1164
1541 1176
1542 1170
1543 1176
1544 1172
1545 1172
1546 1173
1547 1179
1548 1177
1549 1181
1550 1181
1551 1187
1552 1180
1553 1191
1554 1187
1555 1189
1556 1191
1557 1196
1558 1198
1559 1193
1560 1196
1561 1195
1562 1198
1563 1201
1564 1206
1565 1206
1566 1211
1567 1205
1568 1213
1569 1209
1570 1210
1571 1215
1572 1217
1573 1215
1574 1215
1575 1216
1576 1216
1577 1223
1578 1220
1579 1223
1580 1224
1581 1226
1582 1222
1583 1233
1584 1230
1585 1234
1586 1235
1587 1242
1588 1241
1589 1236
1590 1237
1591 1238
1592 1242
1593 1240
1594 1245
1595 1244
1596 1248
1597 1246
1598 1252
1599 1252
1600 1252
1601 1251
1602 1261
1603 1257
1604 1255
1605 1254
1606 1253
1607 1261
1608 1260
1609 1263
1610 1265
1611 1268
1612 1266
1613 1272
1614 1272
1615 1272
1616 1274
1617 1272
1618 1274
1619 1271
1620 1276
1621 1272
1622 1278
1623 1279
1624 1280
1625 1281
1626 1286
1627 1283
1628 1291
1629 1289
1630 1290
1631 1290
1632 1294
1633 1296
1634 1292
1635 1298
1636 1293
1637 1299
1638 1300
1639 1303
1640 1304
1641 1309
1642 1308
1643 1314
1644 1310
1645 1314
1646 1315
1647 1314
1648 1317
1649 1317
1650 1320
1651 1318
1652 1322
1653 1323
1654 1331
1655 1331
1656 1333
1657 1332
1658 1340
1659 1336
1660 1341
1661 1342
1662 1343
1663 1343
1664 1341
1665 1346
1666 1344
1667 1348
1668 1348
1669 1355
1670 1353
1671 1357
1672 1354
1673 1360
1674 1359
1675 1366
1676 1364
1677 1370
1678 1373
1679 1369
1680 1372
1681 1368
1682 1371
1683 1374
1684 1378
1685 1381
1686 1383
1687 1384
1688 1388
1689 1389
1690 1394
1691 1393
1692 1389
1693 1399
1694 1394
1695 1396
1696 1393
1697 1400
1698 1401
1699 1405
1700 1408
1701 1413
1702 1410
1703 1416
1704 1418
1705 1418
1706 1421
1707 1419
1708 1425
1709 1421
1710 1421
1711 1423
1712 1426
1713 1427
1714 1432
1715 1432
1716 1430
1717 1432
1718 1441
1719 1443
1720 1445
1721 1448
1722 1445
1723 1449
1724 1446
1725 1446
1726 1446
1727 1453
1728 1450
1729 1455
1730 1455
1731 1460
1732 1452
1733 1467
1734 1464
1735 1465
1736 1461
1737 1464
1738 1468
1739 1465
1740 1468
1741 1467
1742 1469
1743 1470
1744 1479
1745 1477
1746 1481
1747 1478
1748 1485
1749 1483
1750 1485
1751 1487
1752 1488
1753 1485
1754 1486
1755 1489
1756 1489
1757 1494
1758 1492
1759 1495
1760 1493
1761 1498
1762 1497
1763 1506
1764 1501
1765 1505
1766 1505
1767 1516
1768 1509
1769 1507
1770 1508
1771 1505
1772 1510
1773 1510
1774 1512
1775 1513
1776 1517
1777 1517
1778 1524
1779 1520
1780 1520
1781 1521
1782 1528
1783 1523
1784 1521
1785 1523
1786 1524
1787 1529
1788 1529
1789 1534
1790 1533
1791 1537
1792 1532
1793 1538
1794 1537
1795 1538
1796 1541
1797 1539
1798 1541
1799 1538
