0 2663
1 2690
2 2659
3 2667
4 2678
5 2663
6 2667
7 2648
8 2660
9 2628
10 2635
11 2628
12 2624
13 2630
14 2627
15 2626
16 2613
17 2622
18 2628
19 2625
20 2626
21 2624
22 2622
23 2620
24 2621
25 2619
26 2619
27 2618
28 2620
29 2612
30 2618
31 2609
32 2610
33 2613
34 2609
35 2606
36 2602
37 2601
38 2600
39 2599
40 2597
41 2596
42 2602
43 2606
44 2598
45 2601
46 2594
47 2594
48 2595
49 2590
50 2591
51 2585
52 2585
53 2579
54 2584
55 2578
56 2580
57 2577
58 2579
59 2575
60 2580
61 2571
62 2574
63 2578
64 2574
65 2573
66 2568
67 2568
68 2567
69 2569
70 2564
71 2564
72 2561
73 2564
74 2558
75 2564
76 2554
77 2555
78 2556
79 2553
80 2548
81 2549
82 2549
83 2544
84 2546
85 2541
86 2545
87 2545
88 2547
89 2542
90 2544
91 2536
92 2538
93 2539
94 2533
95 2531
96 2530
97 2529
98 2523
99 2528
100 2524
101 2527
102 2523
103 2525
104 2520
105 2527
106 2518
107 2523
108 2527
109 2525
110 2516
111 2513
112 2514
113 2511
114 2514
115 2506
116 2511
117 2508
118 2510
119 2506
120 2515
121 2500
122 2505
123 2504
124 2500
125 2501
126 2495
127 2497
128 2491
129 2496
130 2493
131 2493
132 2498
133 2494
134 2489
135 2492
136 2485
137 2485
138 2486
139 2485
140 2479
141 2475
142 2474
143 2473
144 2475
145 2471
146 2473
147 2472
148 2473
149 2467
150 2478
151 2465
152 2466
153 2466
154 2467
155 2463
156 2458
157 2456
158 2457
159 2456
160 2452
161 2455
162 2450
163 2455
164 2446
165 2456
166 2445
167 2448
168 2447
169 2440
170 2440
171 2439
172 2435
173 2434
174 2432
175 2431
176 2438
177 2432
178 2434
179 2430
180 2433
181 2425
182 2425
183 2425
184 2423
185 2422
186 2418
187 2419
188 2415
189 2414
190 2415
191 2415
192 2413
193 2412
194 2409
195 2412
196 2401
197 2405
198 2404
199 2402
200 2403
201 2401
202 2398
203 2396
204 2398
205 2395
206 2397
207 2393
208 2393
209 2388
210 2394
211 2385
212 2389
213 2388
214 2384
215 2385
216 2379
217 2377
218 2378
219 2378
220 2375
221 2377
222 2374
223 2381
224 2373
225 2377
226 2372
227 2371
228 2370
229 2365
230 2365
231 2362
232 2359
233 2357
234 2358
235 2357
236 2360
237 2355
238 2357
239 2354
240 2359
241 2350
242 2355
243 2362
244 2361
245 2354
246 2348
247 2349
248 2348
249 2349
250 2344
251 2344
252 2348
253 2345
254 2342
255 2347
256 2335
257 2335
258 2337
259 2332
260 2331
261 2330
262 2328
263 2324
264 2327
265 2327
266 2329
267 2326
268 2331
269 2323
270 2329
271 2319
272 2322
273 2320
274 2318
275 2316
276 2312
277 2312
278 2307
279 2312
280 2306
281 2308
282 2307
283 2309
284 2303
285 2308
286 2300
287 2304
288 2304
289 2303
290 2296
291 2296
292 2295
293 2292
294 2298
295 2289
296 2290
297 2292
298 2290
299 2286
300 2294
301 2280
302 2284
303 2285
304 2283
305 2280
306 2275
307 2281
308 2273
309 2275
310 2273
311 2277
312 2280
313 2278
314 2270
315 2274
316 2264
317 2267
318 2269
319 2265
320 2260
321 2256
322 2255
323 2252
324 2254
325 2252
326 2255
327 2251
328 2253
329 2245
330 2261
331 2244
332 2245
333 2245
334 2246
335 2242
336 2239
337 2238
338 2235
339 2235
340 2232
341 2235
342 2230
343 2233
344 2227
345 2233
346 2224
347 2227
348 2227
349 2223
350 2218
351 2220
352 2216
353 2217
354 2215
355 2210
356 2217
357 2213
358 2218
359 2210
360 2213
361 2206
362 2208
363 2206
364 2201
365 2202
366 2197
367 2196
368 2195
369 2196
370 2192
371 2193
372 2192
373 2193
374 2188
375 2193
376 2185
377 2184
378 2182
379 2185
380 2186
381 2180
382 2180
383 2180
384 2178
385 2175
386 2176
387 2175
388 2174
389 2169
390 2177
391 2168
392 2171
393 2167
394 2164
395 2163
396 2160
397 2159
398 2156
399 2158
400 2155
401 2155
402 2157
403 2162
404 2154
405 2160
406 2152
407 2153
408 2154
409 2149
410 2150
411 2144
412 2146
413 2142
414 2144
415 2136
416 2139
417 2136
418 2140
419 2135
420 2139
421 2130
422 2138
423 2141
424 2137
425 2134
426 2128
427 2128
428 2128
429 2129
430 2125
431 2124
432 2123
433 2126
434 2120
435 2125
436 2115
437 2113
438 2113
439 2111
440 2112
441 2107
442 2107
443 2104
444 2107
445 2105
446 2107
447 2107
448 2110
449 2102
450 2107
451 2098
452 2101
453 2098
454 2095
455 2097
456 2092
457 2088
458 2086
459 2089
460 2083
461 2085
462 2085
463 2087
464 2079
465 2089
466 2078
467 2085
468 2079
469 2084
470 2077
471 2073
472 2075
473 2069
474 2075
475 2070
476 2070
477 2068
478 2070
479 2065
480 2077
481 2060
482 2064
483 2060
484 2059
485 2059
486 2057
487 2058
488 2050
489 2055
490 2051
491 2051
492 2054
493 2053
494 2045
495 2050
496 2042
497 2043
498 2043
499 2040
500 2038
501 2032
502 2033
503 2031
504 2033
505 2028
506 2032
507 2029
508 2032
509 2023
510 2039
511 2025
512 2026
513 2026
514 2019
515 2022
516 2018
517 2017
518 2018
519 2017
520 2014
521 2016
522 2010
523 2013
524 2009
525 2015
526 2004
527 2004
528 2008
529 2004
530 2000
531 2000
532 1999
533 1997
534 1998
535 1993
536 2000
537 1996
538 1997
539 1992
540 1996
541 1987
542 1990
543 1989
544 1984
545 1984
546 1980
547 1980
548 1978
549 1981
550 1975
551 1978
552 1975
553 1979
554 1973
555 1977
556 1970
557 1969
558 1967
559 1970
560 1969
561 1967
562 1967
563 1963
564 1965
565 1960
566 1962
567 1959
568 1963
569 1954
570 1961
571 1953
572 1956
573 1955
574 1952
575 1950
576 1947
577 1949
578 1946
579 1945
580 1941
581 1948
582 1940
583 1947
584 1941
585 1946
586 1942
587 1941
588 1941
589 1935
590 1937
591 1935
592 1928
593 1929
594 1928
595 1925
596 1924
597 1924
598 1925
599 1921
600 1930
601 1920
602 1918
603 1920
604 1929
605 1920
606 1917
607 1914
608 1916
609 1916
610 1912
611 1911
612 1910
613 1912
614 1909
615 1913
616 1902
617 1903
618 1902
619 1900
620 1899
621 1900
622 1896
623 1896
624 1897
625 1892
626 1894
627 1894
628 1898
629 1890
630 1895
631 1887
632 1889
633 1888
634 1886
635 1883
636 1880
637 1878
638 1874
639 1878
640 1873
641 1878
642 1875
643 1876
644 1868
645 1879
646 1870
647 1872
648 1869
649 1866
650 1864
651 1862
652 1863
653 1859
654 1862
655 1857
656 1858
657 1855
658 1855
659 1851
660 1863
661 1847
662 1852
663 1851
664 1848
665 1846
666 1843
667 1843
668 1840
669 1842
670 1838
671 1839
672 1838
673 1840
674 1834
675 1839
676 1832
677 1830
678 1832
679 1825
680 1824
681 1820
682 1820
683 1816
684 1819
685 1815
686 1817
687 1814
688 1817
689 1810
690 1825
691 1814
692 1816
693 1814
694 1804
695 1805
696 1804
697 1802
698 1802
699 1802
700 1798
701 1800
702 1797
703 1800
704 1793
705 1800
706 1792
707 1791
708 1794
709 1789
710 1785
711 1785
712 1786
713 1784
714 1784
715 1780
716 1785
717 1778
718 1783
719 1776
720 1782
721 1774
722 1774
723 1774
724 1772
725 1771
726 1765
727 1765
728 1764
729 1765
730 1762
731 1764
732 1760
733 1765
734 1758
735 1763
736 1757
737 1755
738 1757
739 1759
740 1753
741 1750
742 1750
743 1749
744 1748
745 1746
746 1744
747 1746
748 1747
749 1743
750 1746
751 1738
752 1741
753 1744
754 1739
755 1737
756 1735
757 1734
758 1731
759 1734
760 1730
761 1732
762 1729
763 1733
764 1724
765 1731
766 1730
767 1726
768 1727
769 1723
770 1720
771 1722
772 1716
773 1718
774 1717
775 1714
776 1714
777 1715
778 1717
779 1710
780 1717
781 1711
782 1710
783 1710
784 1708
785 1706
786 1706
787 1704
788 1703
789 1705
790 1702
791 1702
792 1702
793 1700
794 1695
795 1703
796 1690
797 1690
798 1692
799 1691
800 1687
801 1687
802 1687
803 1684
804 1686
805 1680
806 1683
807 1683
808 1686
809 1680
810 1684
811 1676
812 1677
813 1678
814 1674
815 1671
816 1667
817 1668
818 1665
819 1666
820 1663
821 1661
822 1663
823 1660
824 1657
825 1662
826 1656
827 1659
828 1655
829 1651
830 1648
831 1596
832 1597
833 1645
834 1646
835 1642
836 1642
837 1643
838 1640
839 1637
840 1646
841 1632
842 1635
843 1634
844 1629
845 1631
846 1625
847 1626
848 1622
849 1625
850 1619
851 1623
852 1620
853 1619
854 1616
855 1619
856 1612
857 1613
858 1611
859 1609
860 1607
861 1600
862 1602
863 1597
864 1602
865 1598
866 1598
867 1597
868 1598
869 1594
870 1606
871 1592
872 1597
873 1594
874 1589
875 1587
876 1585
877 1581
878 1580
879 1582
880 1578
881 1579
882 1578
883 1580
884 1572
885 1580
886 1569
887 1572
888 1574
889 1566
890 1564
891 1564
892 1563
893 1561
894 1563
895 1559
896 1565
897 1559
898 1562
899 1553
900 1561
901 1550
902 1551
903 1551
904 1548
905 1499
906 1494
907 1544
908 1538
909 1543
910 1539
911 1542
912 1539
913 1543
914 1534
915 1545
916 1535
917 1534
918 1532
919 1535
920 1531
921 1529
922 1528
923 1528
924 1526
925 1523
926 1522
927 1521
928 1523
929 1519
930 1521
931 1517
932 1517
933 1517
934 1514
935 1514
936 1511
937 1509
938 1509
939 1509
940 1506
941 1505
942 1503
943 1506
944 1502
945 1508
946 1500
947 1500
948 1502
949 1498
950 1496
951 1494
952 1491
953 1487
954 1491
955 1485
956 1486
957 1483
958 1485
959 1479
960 1488
961 1482
962 1479
963 1481
964 1482
965 1480
966 1477
967 1479
968 1476
969 1476
970 1469
971 1472
972 1473
973 1471
974 1464
975 1471
976 1463
977 1463
978 1459
979 1456
980 1455
981 1452
982 1452
983 1449
984 1402
985 1448
986 1448
987 1449
988 1453
989 1444
990 1448
991 1441
992 1438
993 1439
994 1436
995 1435
996 1430
997 1428
998 1426
999 1429
1000 1426
1001 1427
1002 1423
1003 1424
1004 1420
1005 1424
1006 1415
1007 1419
1008 1416
1009 1415
1010 1413
1011 1408
1012 1408
1013 1406
1014 1409
1015 1405
1016 1403
1017 1404
1018 1402
1019 1397
1020 1353
1021 1391
1022 1395
1023 1395
1024 1389
1025 1389
1026 1386
1027 1385
1028 1382
1029 1386
1030 1381
1031 1382
1032 1380
1033 1380
1034 1374
1035 1380
1036 1372
1037 1373
1038 1370
1039 1369
1040 1366
1041 1360
1042 1358
1043 1356
1044 1361
1045 1353
1046 1361
1047 1357
1048 1355
1049 1351
1050 1365
1051 1350
1052 1355
1053 1351
1054 1346
1055 1297
1056 1292
1057 1340
1058 1337
1059 1341
1060 1336
1061 1338
1062 1337
1063 1339
1064 1330
1065 1340
1066 1328
1067 1330
1068 1330
1069 1326
1070 1322
1071 1323
1072 1320
1073 1318
1074 1320
1075 1316
1076 1321
1077 1319
1078 1321
1079 1313
1080 1318
1081 1312
1082 1314
1083 1312
1084 1309
1085 1308
1086 1302
1087 1303
1088 1300
1089 1304
1090 1300
1091 1302
1092 1297
1093 1303
1094 1294
1095 1304
1096 1297
1097 1296
1098 1294
1099 1294
1100 1291
1101 1291
1102 1289
1103 1286
1104 1288
1105 1286
1106 1283
1107 1281
1108 1284
1109 1278
1110 1285
1111 1276
1112 1278
1113 1278
1114 1280
1115 1275
1116 1269
1117 1271
1118 1269
1119 1272
1120 1268
1121 1268
1122 1264
1123 1265
1124 1265
1125 1267
1126 1264
1127 1265
1128 1263
1129 1259
1130 1260
1131 1254
1132 1253
1133 1250
1134 1253
1135 1248
1136 1198
1137 1197
1138 1248
1139 1242
1140 1248
1141 1240
1142 1245
1143 1246
1144 1244
1145 1241
1146 1238
1147 1241
1148 1238
1149 1237
1150 1233
1151 1234
1152 1231
1153 1232
1154 1227
1155 1230
1156 1223
1157 1218
1158 1220
1159 1220
1160 1214
1161 1214
1162 1214
1163 1211
1164 1212
1165 1207
1166 1209
1167 1211
1168 1211
1169 1207
1170 1208
1171 1199
1172 1199
1173 1201
1174 1197
1175 1197
1176 1192
1177 1186
1178 1189
1179 1189
1180 1188
1181 1186
1182 1185
1183 1186
1184 1180
1185 1184
1186 1175
1187 1178
1188 1176
1189 1177
1190 1171
1191 1171
1192 1169
1193 1167
1194 1170
1195 1165
1196 1165
1197 1163
1198 1163
1199 1156
1200 1168
1201 1154
1202 1152
1203 1156
1204 1153
1205 1153
1206 1147
1207 1099
1208 1094
1209 1149
1210 1144
1211 1143
1212 1146
1213 1145
1214 1139
1215 1141
1216 1136
1217 1139
1218 1135
1219 1133
1220 1131
1221 1126
1222 1123
1223 1122
1224 1126
1225 1120
1226 1125
1227 1121
1228 1127
1229 1115
1230 1129
1231 1115
1232 1120
1233 1118
1234 1113
1235 1113
1236 1111
1237 1111
1238 1109
1239 1110
1240 1106
1241 1108
1242 1106
1243 1108
1244 1102
1245 1108
1246 1099
1247 1101
1248 1101
1249 1099
1250 1095
1251 1095
1252 1095
1253 1090
1254 1093
1255 1092
1256 1093
1257 1095
1258 1092
1259 1086
1260 1088
1261 1087
1262 1086
1263 1085
1264 1086
1265 1083
1266 1077
1267 1076
1268 1077
1269 1078
1270 1077
1271 1077
1272 1074
1273 1078
1274 1074
1275 1075
1276 1071
1277 1069
1278 1067
1279 1071
1280 1068
1281 1067
1282 1065
1283 1063
1284 1063
1285 1060
1286 1059
1287 1058
1288 1060
1289 1055
1290 1060
1291 1055
1292 1057
1293 1054
1294 1054
1295 1052
1296 1049
1297 997
1298 994
1299 1046
1300 1043
1301 1042
1302 1042
1303 1049
1304 1040
1305 1046
1306 1039
1307 1042
1308 1040
1309 1037
1310 1037
1311 1031
1312 1029
1313 1028
1314 1029
1315 1026
1316 1027
1317 1022
1318 1026
1319 1018
1320 1028
1321 1018
1322 1022
1323 1026
1324 1023
1325 1020
1326 1016
1327 1014
1328 1015
1329 1016
1330 1009
1331 1009
1332 1010
1333 1008
1334 1003
1335 1010
1336 1001
1337 1000
1338 997
1339 997
1340 995
1341 992
1342 990
1343 991
1344 991
1345 989
1346 993
1347 993
1348 991
1349 984
1350 989
1351 980
1352 980
1353 978
1354 978
1355 978
1356 971
1357 969
1358 966
1359 969
1360 968
1361 966
1362 962
1363 964
1364 959
1365 965
1366 956
1367 960
1368 959
1369 959
1370 953
1371 955
1372 948
1373 899
1374 903
1375 946
1376 948
1377 946
1378 947
1379 940
1380 953
1381 938
1382 938
1383 940
1384 937
1385 936
1386 931
1387 934
1388 929
1389 930
1390 925
1391 929
1392 929
1393 933
1394 925
1395 927
1396 920
1397 924
1398 922
1399 920
1400 917
1401 911
1402 908
1403 909
1404 913
1405 910
1406 909
1407 907
1408 912
1409 905
1410 919
1411 902
1412 903
1413 903
1414 905
1415 901
1416 901
1417 897
1418 897
1419 898
1420 897
1421 896
1422 895
1423 897
1424 892
1425 896
1426 889
1427 890
1428 890
1429 889
1430 884
1431 884
1432 883
1433 884
1434 882
1435 880
1436 885
1437 886
1438 885
1439 878
1440 881
1441 879
1442 880
1443 877
1444 876
1445 872
1446 873
1447 871
1448 871
1449 870
1450 868
1451 867
1452 866
1453 870
1454 864
1455 867
1456 862
1457 861
1458 860
1459 863
1460 860
1461 860
1462 857
1463 855
1464 854
1465 853
1466 851
1467 852
1468 852
1469 849
1470 800
1471 846
1472 848
1473 845
1474 846
1475 843
1476 839
1477 838
1478 838
1479 838
1480 833
1481 833
1482 836
1483 840
1484 835
1485 836
1486 833
1487 832
1488 832
1489 828
1490 826
1491 823
1492 820
1493 821
1494 819
1495 815
1496 818
1497 811
1498 816
1499 809
1500 816
1501 806
1502 810
1503 814
1504 813
1505 810
1506 804
1507 804
1508 803
1509 803
1510 799
1511 750
1512 797
1513 795
1514 792
1515 796
1516 788
1517 787
1518 786
1519 784
1520 783
1521 781
1522 776
1523 777
1524 776
1525 773
1526 777
1527 775
1528 775
1529 773
1530 774
1531 767
1532 766
1533 766
1534 762
1535 763
1536 756
1537 754
1538 753
1539 756
1540 749
1541 703
1542 752
1543 748
1544 746
1545 749
1546 740
1547 744
1548 745
1549 745
1550 739
1551 736
1552 731
1553 732
1554 737
1555 730
1556 731
1557 729
1558 730
1559 725
1560 731
1561 721
1562 719
1563 722
1564 720
1565 716
1566 713
1567 713
1568 709
1569 712
1570 714
1571 713
1572 712
1573 711
1574 706
1575 707
1576 703
1577 707
1578 705
1579 698
1580 648
1581 643
1582 693
1583 691
1584 695
1585 689
1586 692
1587 689
1588 695
1589 685
1590 698
1591 683
1592 688
1593 686
1594 688
1595 681
1596 681
1597 677
1598 678
1599 677
1600 674
1601 674
1602 673
1603 680
1604 671
1605 676
1606 670
1607 671
1608 670
1609 669
1610 665
1611 665
1612 663
1613 664
1614 660
1615 660
1616 666
1617 661
1618 660
1619 656
1620 659
1621 655
1622 657
1623 653
1624 655
1625 651
1626 647
1627 645
1628 646
1629 645
1630 645
1631 644
1632 643
1633 645
1634 636
1635 647
1636 634
1637 637
1638 641
1639 637
1640 637
1641 636
1642 631
1643 630
1644 630
1645 627
1646 627
1647 626
1648 628
1649 623
1650 628
1651 622
1652 620
1653 619
1654 619
1655 616
1656 612
1657 613
1658 610
1659 610
1660 607
1661 608
1662 612
1663 612
1664 606
1665 612
1666 603
1667 606
1668 602
1669 600
1670 599
1671 544
1672 541
1673 588
1674 591
1675 590
1676 587
1677 584
1678 587
1679 580
1680 587
1681 578
1682 586
1683 588
1684 583
1685 582
1686 575
1687 576
1688 574
1689 573
1690 571
1691 571
1692 567
1693 569
1694 563
1695 567
1696 560
1697 559
1698 553
1699 554
1700 551
1701 549
1702 547
1703 549
1704 547
1705 544
1706 548
1707 547
1708 546
1709 542
1710 544
1711 539
1712 540
1713 537
1714 534
1715 535
1716 529
1717 527
1718 526
1719 528
1720 527
1721 524
1722 524
1723 523
1724 521
1725 522
1726 511
1727 516
1728 520
1729 518
1730 512
1731 510
1732 509
1733 505
1734 509
1735 501
1736 504
1737 504
1738 504
1739 501
1740 508
1741 495
1742 449
1743 446
1744 498
1745 493
1746 491
1747 489
1748 487
1749 488
1750 484
1751 487
1752 489
1753 488
1754 484
1755 484
1756 480
1757 481
1758 481
1759 479
1760 475
1761 472
1762 470
1763 469
1764 473
1765 467
1766 468
1767 468
1768 471
1769 465
1770 475
1771 461
1772 464
1773 461
1774 466
1775 460
1776 458
1777 457
1778 457
1779 456
1780 456
1781 455
1782 456
1783 457
1784 453
1785 456
1786 449
1787 450
1788 452
1789 452
1790 446
1791 445
1792 443
1793 442
1794 442
1795 441
1796 443
1797 442
1798 442
1799 439
