0 750
1 749
2 742
3 742
4 741
5 740
6 1083
7 734
8 749
9 742
10 736
11 743
12 734
13 728
14 731
15 730
16 730
17 729
18 724
19 722
20 725
21 719
22 727
23 720
24 721
25 717
26 729
27 718
28 719
29 720
30 718
31 718
32 715
33 713
34 711
35 713
36 708
37 710
38 707
39 710
40 705
41 713
42 706
43 706
44 705
45 701
46 701
47 698
48 695
49 696
50 697
51 689
52 698
53 694
54 696
55 691
56 703
57 691
58 692
59 690
60 692
61 689
62 683
63 684
64 681
65 685
66 678
67 684
68 681
69 683
70 677
71 696
72 680
73 681
74 682
75 683
76 681
77 675
78 675
79 675
80 677
81 672
82 680
83 673
84 676
85 672
86 679
87 674
88 674
89 674
90 677
91 674
92 668
93 670
94 668
95 670
96 667
97 672
98 672
99 673
100 667
101 679
102 671
103 674
104 672
105 672
106 668
107 666
108 663
109 661
110 666
111 661
112 666
113 662
114 664
115 660
116 672
117 661
118 669
119 672
120 667
121 666
122 663
123 660
124 660
125 663
126 657
127 662
128 659
129 658
130 656
131 664
132 659
133 657
134 659
135 659
136 654
137 652
138 653
139 651
140 652
141 648
142 657
143 654
144 657
145 652
146 665
147 653
148 653
149 652
150 656
151 648
152 646
153 646
154 645
155 647
156 643
157 645
158 644
159 642
160 640
161 651
162 643
163 645
164 645
165 649
166 644
167 639
168 639
169 638
170 639
171 634
172 640
173 637
174 635
175 633
176 641
177 632
178 632
179 633
180 633
181 630
182 625
183 625
184 622
185 626
186 619
187 629
188 627
189 629
190 620
191 635
192 623
193 624
194 619
195 622
196 615
197 614
198 615
199 611
200 615
201 609
202 616
203 611
204 612
205 607
206 622
207 608
208 612
209 611
210 607
211 609
212 607
213 605
214 602
215 604
216 599
217 602
218 600
219 603
220 595
221 604
222 598
223 598
224 599
225 595
226 592
227 592
228 590
229 590
230 590
231 586
232 595
233 592
234 591
235 582
236 605
237 588
238 588
239 585
240 586
241 582
242 579
243 579
244 578
245 580
246 575
247 581
248 576
249 580
250 571
251 589
252 575
253 577
254 573
255 579
256 574
257 570
258 570
259 570
260 571
261 568
262 571
263 566
264 570
265 567
266 575
267 569
268 567
269 566
270 571
271 568
272 561
273 563
274 561
275 563
276 560
277 566
278 564
279 567
280 561
281 571
282 565
283 566
284 564
285 565
286 561
287 556
288 556
289 555
290 557
291 555
292 560
293 553
294 559
295 552
296 560
297 557
298 559
299 560
300 557
301 559
302 555
303 553
304 552
305 554
306 550
307 552
308 551
309 552
310 549
311 555
312 550
313 550
314 548
315 550
316 547
317 543
318 544
319 544
320 546
321 541
322 548
323 546
324 547
325 542
326 561
327 544
328 545
329 542
330 546
331 541
332 537
333 537
334 533
335 538
336 533
337 543
338 533
339 532
340 531
341 543
342 535
343 536
344 534
345 539
346 536
347 530
348 529
349 529
350 532
351 526
352 535
353 528
354 527
355 522
356 533
357 525
358 524
359 525
360 529
361 523
362 518
363 517
364 515
365 519
366 513
367 523
368 520
369 521
370 513
371 527
372 516
373 517
374 514
375 515
376 515
377 509
378 510
379 505
380 510
381 506
382 514
383 505
384 507
385 502
386 519
387 510
388 508
389 508
390 504
391 509
392 505
393 504
394 502
395 504
396 498
397 507
398 501
399 502
400 497
401 507
402 499
403 502
404 499
405 498
406 500
407 494
408 493
409 492
410 493
411 491
412 496
413 496
414 497
415 491
416 507
417 494
418 495
419 494
420 496
421 495
422 490
423 488
424 489
425 491
426 487
427 495
428 487
429 492
430 487
431 511
432 492
433 491
434 491
435 495
436 491
437 493
438 488
439 486
440 488
441 486
442 492
443 488
444 490
445 487
446 496
447 489
448 490
449 487
450 492
451 489
452 484
453 485
454 486
455 488
456 485
457 491
458 484
459 488
460 485
461 494
462 488
463 488
464 488
465 488
466 486
467 482
468 481
469 479
470 482
471 480
472 485
473 480
474 482
475 479
476 491
477 485
478 484
479 485
480 485
481 486
482 481
483 481
484 481
485 483
486 480
487 482
488 480
489 480
490 477
491 490
492 481
493 480
494 479
495 482
496 477
497 474
498 475
499 474
500 479
501 473
502 475
503 475
504 478
505 474
506 491
507 475
508 475
509 474
510 480
511 473
512 470
513 470
514 470
515 472
516 467
517 472
518 468
519 468
520 465
521 482
522 470
523 471
524 468
525 469
526 472
527 466
528 464
529 463
530 466
531 460
532 466
533 464
534 463
535 459
536 468
537 461
538 460
539 460
540 464
541 458
542 456
543 456
544 455
545 459
546 453
547 459
548 453
549 457
550 452
551 467
552 455
553 455
554 453
555 455
556 452
557 448
558 448
559 445
560 450
561 445
562 453
563 447
564 448
565 444
566 459
567 451
568 450
569 448
570 446
571 448
572 447
573 445
574 444
575 445
576 441
577 445
578 443
579 445
580 440
581 449
582 441
583 445
584 444
585 440
586 442
587 438
588 438
589 436
590 439
591 437
592 441
593 438
594 441
595 434
596 453
597 438
598 440
599 437
600 441
601 437
602 433
603 434
604 430
605 435
606 430
607 436
608 432
609 436
610 429
611 454
612 432
613 434
614 432
615 434
616 435
617 433
618 430
619 429
620 434
621 429
622 433
623 428
624 431
625 427
626 435
627 432
628 431
629 428
630 432
631 431
632 424
633 427
634 425
635 426
636 423
637 428
638 423
639 424
640 422
641 433
642 425
643 428
644 423
645 425
646 425
647 418
648 418
649 416
650 419
651 414
652 417
653 416
654 419
655 413
656 424
657 417
658 417
659 417
660 418
661 417
662 414
663 414
664 413
665 413
666 410
667 416
668 411
669 410
670 408
671 413
672 410
673 409
674 408
675 410
676 405
677 403
678 404
679 402
680 403
681 400
682 404
683 402
684 406
685 400
686 417
687 401
688 403
689 399
690 404
691 399
692 395
693 397
694 393
695 397
696 392
697 395
698 392
699 393
700 388
701 405
702 393
703 392
704 391
705 393
706 394
707 389
708 388
709 386
710 387
711 384
712 390
713 386
714 384
715 380
716 395
717 382
718 381
719 384
720 388
721 384
722 379
723 379
724 376
725 380
726 377
727 379
728 377
729 380
730 374
731 390
732 379
733 378
734 375
735 378
736 373
737 370
738 372
739 368
740 373
741 368
742 377
743 369
744 369
745 366
746 384
747 374
748 374
749 371
750 367
751 368
752 369
753 367
754 362
755 368
756 364
757 366
758 364
759 368
760 361
761 370
762 363
763 368
764 364
765 363
766 362
767 360
768 359
769 357
770 358
771 357
772 361
773 358
774 360
775 353
776 365
777 357
778 359
779 356
780 359
781 355
782 354
783 352
784 349
785 354
786 351
787 355
788 349
789 352
790 346
791 367
792 348
793 351
794 349
795 350
796 348
797 347
798 348
799 348
800 348
801 344
802 347
803 344
804 345
805 339
806 350
807 341
808 343
809 341
810 346
811 343
812 336
813 340
814 338
815 338
816 337
817 341
818 335
819 338
820 334
821 345
822 335
823 339
824 334
825 337
826 335
827 329
828 328
829 326
830 330
831 325
832 330
833 325
834 328
835 322
836 332
837 323
838 323
839 327
840 323
841 324
842 321
843 322
844 318
845 321
846 314
847 320
848 315
849 317
850 314
851 319
852 313
853 311
854 312
855 312
856 310
857 306
858 304
859 305
860 306
861 303
862 304
863 303
864 306
865 299
866 321
867 301
868 302
869 298
870 303
871 298
872 293
873 294
874 290
875 295
876 288
877 295
878 290
879 290
880 286
881 304
882 289
883 290
884 288
885 287
886 288
887 284
888 283
889 282
890 284
891 278
892 286
893 279
894 279
895 275
896 287
897 275
898 274
899 275
900 279
901 274
902 271
903 270
904 269
905 273
906 267
907 270
908 269
909 270
910 264
911 280
912 269
913 268
914 263
915 264
916 262
917 259
918 261
919 256
920 261
921 256
922 264
923 256
924 258
925 254
926 273
927 259
928 259
929 259
930 254
931 255
932 254
933 253
934 248
935 252
936 248
937 252
938 247
939 251
940 245
941 255
942 246
943 249
944 246
945 244
946 243
947 242
948 240
949 237
950 240
951 238
952 239
953 240
954 242
955 234
956 248
957 237
958 239
959 236
960 236
961 233
962 231
963 231
964 228
965 230
966 227
967 233
968 225
969 229
970 223
971 238
972 225
973 226
974 223
975 225
976 222
977 221
978 221
979 215
980 223
981 215
982 221
983 214
984 217
985 212
986 218
987 214
988 211
989 211
990 213
991 211
992 204
993 206
994 203
995 206
996 203
997 208
998 199
999 206
1000 200
1001 213
1002 202
1003 205
1004 198
1005 199
1006 199
1007 194
1008 189
1009 188
1010 192
1011 184
1012 189
1013 187
1014 190
1015 183
1016 197
1017 185
1018 184
1019 190
1020 183
1021 187
1022 181
1023 179
1024 178
1025 180
1026 171
1027 177
1028 175
1029 178
1030 170
1031 178
1032 172
1033 170
1034 170
1035 170
1036 166
1037 164
1038 162
1039 162
1040 164
1041 157
1042 163
1043 163
1044 163
1045 158
1046 173
1047 159
1048 158
1049 155
1050 161
1051 155
1052 151
1053 149
1054 149
1055 151
1056 145
1057 150
1058 147
1059 147
1060 144
1061 157
1062 143
1063 148
1064 146
1065 145
1066 148
1067 141
1068 139
1069 140
1070 142
1071 135
1072 145
1073 139
1074 138
1075 133
1076 145
1077 135
1078 133
1079 133
1080 137
1081 133
1082 129
1083 128
1084 128
1085 129
1086 126
1087 137
1088 128
1089 131
1090 124
1091 139
1092 131
1093 135
1094 126
1095 128
1096 126
1097 121
1098 123
1099 119
1100 124
1101 121
1102 127
1103 120
1104 122
1105 118
1106 135
1107 122
1108 124
1109 121
1110 121
1111 123
1112 121
1113 121
1114 120
1115 120
1116 117
1117 122
1118 116
1119 119
1120 114
1121 126
1122 115
1123 117
1124 116
1125 114
1126 113
1127 111
1128 110
1129 108
1130 108
1131 106
1132 117
1133 114
1134 113
1135 107
1136 119
1137 109
1138 112
1139 108
1140 110
1141 106
1142 104
1143 104
1144 101
1145 104
1146 99
1147 104
1148 100
1149 101
1150 97
1151 109
1152 98
1153 101
1154 97
1155 103
1156 100
1157 95
1158 96
1159 93
1160 98
1161 91
1162 97
1163 91
1164 93
1165 88
1166 96
1167 90
1168 89
1169 90
1170 91
1171 88
1172 83
1173 85
1174 82
1175 85
1176 81
1177 84
1178 81
1179 85
1180 78
1181 90
1182 81
1183 82
1184 80
1185 79
1186 78
1187 73
1188 72
1189 70
1190 73
1191 68
1192 71
1193 66
1194 71
1195 66
1196 76
1197 67
1198 68
1199 70
1200 66
1201 67
1202 64
1203 63
1204 61
1205 63
1206 55
1207 61
1208 58
1209 58
1210 53
1211 62
1212 56
1213 54
1214 53
1215 54
1216 52
1217 48
1218 49
1219 46
1220 49
1221 44
1222 45
1223 47
1224 48
1225 41
1226 60
1227 45
1228 45
1229 39
1230 47
1231 41
1232 37
1233 37
1234 36
1235 38
1236 34
1237 37
1238 34
1239 36
1240 31
1241 45
1242 35
1243 32
1244 33
1245 37
1246 35
1247 29
1248 28
1249 28
1250 29
1251 23
1252 27
1253 27
1254 27
1255 22
1256 32
1257 24
1258 24
1259 23
1260 30
1261 24
1262 20
1263 20
1264 18
1265 19
1266 14
1267 23
1268 20
1269 23
1270 17
1271 30
1272 21
1273 26
1274 20
1275 23
1276 18
1277 17
1278 19
1279 14
1280 18
1281 14
1282 19
1283 16
1284 16
1285 12
1286 32
1287 18
1288 20
1289 21
1290 17
1291 19
1292 16
1293 16
1294 15
1295 18
1296 13
1297 17
1298 12
1299 17
1300 11
1301 20
1302 12
1303 12
1304 12
1305 11
1306 8
1307 7
1308 7
1309 4
1310 4
1311 2
1312 17
1313 9
1314 10
1315 6
1316 15
1317 7
1318 9
1319 5
1320 6
1321 2
1322 2
1323 2
1324 -3
1325 0
1326 -3
1327 0
1328 -4
1329 0
1330 -6
1331 6
1332 -7
1333 -1
1334 -2
1335 0
1336 -7
1337 -7
1338 -6
1339 -8
1340 -7
1341 -11
1342 -8
1343 -12
1344 -11
1345 -16
1346 -8
1347 -14
1348 -16
1349 -18
1350 -13
1351 -16
1352 -22
1353 -21
1354 -23
1355 -23
1356 -27
1357 -23
1358 -23
1359 -22
1360 -28
1361 -16
1362 -27
1363 -27
1364 -27
1365 -28
1366 -31
1367 -34
1368 -37
1369 -36
1370 -35
1371 -42
1372 -38
1373 -39
1374 -37
1375 -43
1376 -35
1377 -44
1378 -45
1379 -40
1380 -42
1381 -44
1382 -49
1383 -49
1384 -50
1385 -47
1386 -55
1387 -50
1388 -52
1389 -51
1390 -56
1391 -50
1392 -56
1393 -56
1394 -56
1395 -54
1396 -60
1397 -61
1398 -62
1399 -65
1400 -63
1401 -69
1402 -61
1403 -63
1404 -63
1405 -69
1406 -53
1407 -66
1408 -66
1409 -71
1410 -66
1411 -72
1412 -75
1413 -76
1414 -76
1415 -74
1416 -81
1417 -76
1418 -79
1419 -80
1420 -84
1421 -74
1422 -81
1423 -81
1424 -79
1425 -80
1426 -77
1427 -86
1428 -86
1429 -86
1430 -86
1431 -93
1432 -85
1433 -89
1434 -89
1435 -94
1436 -85
1437 -93
1438 -95
1439 -94
1440 -93
1441 -98
1442 -98
1443 -100
1444 -103
1445 -98
1446 -103
1447 -95
1448 -97
1449 -97
1450 -105
1451 -88
1452 -99
1453 -98
1454 -103
1455 -101
1456 -106
1457 -108
1458 -105
1459 -110
1460 -106
1461 -111
1462 -107
1463 -111
1464 -111
1465 -115
1466 -95
1467 -113
1468 -109
1469 -111
1470 -111
1471 -109
1472 -114
1473 -113
1474 -117
1475 -116
1476 -120
1477 -118
1478 -118
1479 -116
1480 -122
1481 -115
1482 -123
1483 -120
1484 -122
1485 -124
1486 -127
1487 -127
1488 -129
1489 -131
1490 -129
1491 -132
1492 -123
1493 -126
1494 -128
1495 -134
1496 -120
1497 -131
1498 -131
1499 -133
1500 -133
1501 -138
1502 -140
1503 -139
1504 -144
1505 -142
1506 -146
1507 -145
1508 -147
1509 -142
1510 -150
1511 -142
1512 -149
1513 -148
1514 -147
1515 -144
1516 -150
1517 -151
1518 -204
1519 -208
1520 -152
1521 -162
1522 -154
1523 -159
1524 -159
1525 -164
1526 -159
1527 -164
1528 -166
1529 -166
1530 -164
1531 -170
1532 -172
1533 -174
1534 -175
1535 -173
1536 -178
1537 -176
1538 -178
1539 -177
1540 -179
1541 -172
1542 -181
1543 -181
1544 -183
1545 -183
1546 -187
1547 -188
1548 -191
1549 -190
1550 -188
1551 -194
1552 -192
1553 -196
1554 -193
1555 -200
1556 -188
1557 -197
1558 -196
1559 -193
1560 -198
1561 -201
1562 -202
1563 -202
1564 -203
1565 -199
1566 -208
1567 -203
1568 -207
1569 -207
1570 -212
1571 -202
1572 -208
1573 -210
1574 -210
1575 -207
1576 -211
1577 -216
1578 -217
1579 -217
1580 -215
1581 -220
1582 -214
1583 -215
1584 -215
1585 -222
1586 -207
1587 -219
1588 -218
1589 -222
1590 -218
1591 -223
1592 -226
1593 -228
1594 -227
1595 -226
1596 -230
1597 -226
1598 -229
1599 -229
1600 -234
1601 -223
1602 -229
1603 -230
1604 -229
1605 -227
1606 -228
1607 -233
1608 -235
1609 -234
1610 -234
1611 -238
1612 -235
1613 -236
1614 -239
1615 -242
1616 -232
1617 -239
1618 -240
1619 -240
1620 -236
1621 -241
1622 -244
1623 -245
1624 -247
1625 -245
1626 -249
1627 -240
1628 -245
1629 -243
1630 -248
1631 -237
1632 -244
1633 -245
1634 -248
1635 -246
1636 -251
1637 -303
1638 -299
1639 -255
1640 -253
1641 -257
1642 -253
1643 -257
1644 -255
1645 -260
1646 -245
1647 -256
1648 -254
1649 -254
1650 -257
1651 -254
1652 -258
1653 -258
1654 -263
1655 -259
1656 -264
1657 -262
1658 -261
1659 -260
1660 -266
1661 -257
1662 -267
1663 -265
1664 -267
1665 -267
1666 -269
1667 -271
1668 -272
1669 -276
1670 -273
1671 -275
1672 -270
1673 -272
1674 -272
1675 -278
1676 -265
1677 -277
1678 -275
1679 -277
1680 -277
1681 -280
1682 -284
1683 -285
1684 -287
1685 -284
1686 -289
1687 -286
1688 -290
1689 -286
1690 -294
1691 -283
1692 -292
1693 -292
1694 -293
1695 -291
1696 -292
1697 -295
1698 -298
1699 -301
1700 -294
1701 -303
1702 -299
1703 -303
1704 -302
1705 -307
1706 -303
1707 -306
1708 -308
1709 -309
1710 -307
1711 -310
1712 -316
1713 -314
1714 -318
1715 -314
1716 -322
1717 -313
1718 -320
1719 -314
1720 -320
1721 -312
1722 -319
1723 -318
1724 -322
1725 -323
1726 -325
1727 -328
1728 -330
1729 -334
1730 -328
1731 -334
1732 -327
1733 -332
1734 -332
1735 -335
1736 -327
1737 -335
1738 -334
1739 -330
1740 -334
1741 -334
1742 -338
1743 -339
1744 -339
1745 -336
1746 -345
1747 -335
1748 -343
1749 -344
1750 -346
1751 -339
1752 -344
1753 -345
1754 -346
1755 -343
1756 -349
1757 -350
1758 -349
1759 -350
1760 -350
1761 -353
1762 -397
1763 -348
1764 -347
1765 -353
1766 -339
1767 -349
1768 -349
1769 -351
1770 -347
1771 -353
1772 -355
1773 -354
1774 -356
1775 -354
1776 -359
1777 -356
1778 -356
1779 -358
1780 -360
1781 -346
1782 -356
1783 -356
1784 -350
1785 -351
1786 -351
1787 -357
1788 -357
1789 -358
1790 -356
1791 -362
1792 -357
1793 -357
1794 -358
1795 -362
1796 -348
1797 -360
1798 -359
1799 -360
