0 2050
1 2036
2 2047
3 2036
4 2047
5 2047
6 2052
7 2059
8 2053
9 2047
10 2069
11 2071
12 2055
13 2051
14 2070
15 2059
16 2059
17 2062
18 2062
19 2063
20 2067
21 2067
22 2070
23 2073
24 2071
25 2075
26 2081
27 2079
28 2075
29 2080
30 2079
31 2082
32 2077
33 2081
34 2082
35 2087
36 2092
37 2096
38 2098
39 2095
40 2095
41 2103
42 2099
43 2103
44 2103
45 2099
46 2102
47 2100
48 2103
49 2098
50 2108
51 2107
52 2111
53 2114
54 2114
55 2116
56 2125
57 2124
58 2120
59 2119
60 2122
61 2128
62 2122
63 2124
64 2124
65 2127
66 2129
67 2131
68 2133
69 2132
70 2130
71 2140
72 2138
73 2138
74 2141
75 2142
76 2141
77 2140
78 2146
79 2140
80 2148
81 2148
82 2157
83 2155
84 2156
85 2156
86 2163
87 2157
88 2158
89 2162
90 2161
91 2160
92 2160
93 2169
94 2160
95 2168
96 2165
97 2173
98 2174
99 2174
100 2170
101 2180
102 2178
103 2177
104 2187
105 2184
106 2184
107 2184
108 2185
109 2184
110 2189
111 2188
112 2191
113 2195
114 2191
115 2193
116 2204
117 2201
118 2197
119 2202
120 2198
121 2202
122 2200
123 2202
124 2202
125 2211
126 2207
127 2209
128 2215
129 2217
130 2218
131 2229
132 2218
133 2222
134 2223
135 2222
136 2225
137 2223
138 2224
139 2225
140 2230
141 2231
142 2231
143 2234
144 2235
145 2236
146 2244
147 2240
148 2241
149 2253
150 2249
151 2246
152 2247
153 2250
154 2247
155 2252
156 2254
157 2254
158 2258
159 2258
160 2259
161 2267
162 2264
163 2263
164 2264
165 2263
166 2267
167 2263
168 2264
169 2268
170 2270
171 2271
172 2284
173 2283
174 2283
175 2282
176 2294
177 2286
178 2286
179 2287
180 2287
181 2289
182 2286
183 2289
184 2289
185 2296
186 2294
187 2298
188 2300
189 2300
190 2301
191 2312
192 2308
193 2307
194 2312
195 2311
196 2310
197 2312
198 2314
199 2312
200 2320
201 2317
202 2323
203 2322
204 2324
205 2323
206 2340
207 2328
208 2328
209 2332
210 2332
211 2332
212 2332
213 2333
214 2335
215 2343
216 2341
217 2353
218 2348
219 2351
220 2353
221 2365
222 2355
223 2357
224 2362
225 2358
226 2360
227 2355
228 2361
229 2364
230 2366
231 2368
232 2369
233 2367
234 2375
235 2374
236 2385
237 2375
238 2383
239 2390
240 2386
241 2388
242 2390
243 2393
244 2398
245 2400
246 2393
247 2403
248 2402
249 2403
250 2404
251 2410
252 2407
253 2409
254 2413
255 2408
256 2406
257 2411
258 2412
259 2413
260 2417
261 2414
262 2433
263 2426
264 2432
265 2427
266 2440
267 2431
268 2432
269 2440
270 2436
271 2440
272 2437
273 2437
274 2437
275 2440
276 2442
277 2452
278 2446
279 2452
280 2447
281 2465
282 2454
283 2456
284 2457
285 2462
286 2463
287 2461
288 2464
289 2464
290 2472
291 2465
292 2467
293 2476
294 2474
295 2472
296 2487
297 2480
298 2481
299 2483
300 2482
301 2484
302 2483
303 2481
304 2482
305 2490
306 2491
307 2491
308 2500
309 2500
310 2500
311 2511
312 2503
313 2506
314 2508
315 2505
316 2508
317 2508
318 2506
319 2509
320 2515
321 2514
322 2516
323 2522
324 2521
325 2524
326 2529
327 2527
328 2528
329 2538
330 2535
331 2534
332 2535
333 2536
334 2534
335 2542
336 2539
337 2542
338 2549
339 2546
340 2547
341 2554
342 2554
343 2551
344 2553
345 2555
346 2555
347 2555
348 2558
349 2557
350 2562
351 2562
352 2571
353 2573
354 2570
355 2575
356 2581
357 2574
358 2578
359 2579
360 2578
361 2579
362 2578
363 2583
364 2580
365 2586
366 2586
367 2588
368 2593
369 2589
370 2592
371 2608
372 2601
373 2600
374 2601
375 2602
376 2605
377 2605
378 2605
379 2602
380 2612
381 2613
382 2613
383 2616
384 2617
385 2619
386 2633
387 2623
388 2622
389 2625
390 2626
391 2625
392 2627
393 2626
394 2628
395 2635
396 2632
397 2642
398 2645
399 2642
400 2645
401 2655
402 2648
403 2654
404 2653
405 2654
406 2655
407 2654
408 2658
409 2655
410 2663
411 2665
412 2666
413 2668
414 2668
415 2669
416 2683
417 2674
418 2679
419 2683
420 2682
421 2684
422 2685
423 2687
424 2689
425 2691
426 2694
427 2696
428 2697
429 2697
430 2697
431 2709
432 2699
433 2704
434 2702
435 2708
436 2702
437 2705
438 2708
439 2706
440 2712
441 2713
442 2719
443 2718
444 2727
445 2726
446 2734
447 2727
448 2727
449 2730
450 2732
451 2730
452 2730
453 2733
454 2730
455 2737
456 2738
457 2741
458 2746
459 2746
460 2746
461 2755
462 2751
463 2751
464 2756
465 2758
466 2760
467 2760
468 2762
469 2759
470 2768
471 2764
472 2767
473 2772
474 2770
475 2772
476 2783
477 2780
478 2778
479 2779
480 2778
481 2780
482 2780
483 2784
484 2786
485 2787
486 2791
487 2792
488 2795
489 2795
490 2800
491 2811
492 2803
493 2803
494 2805
495 2803
496 2806
497 2803
498 2806
499 2807
500 2811
501 2812
502 2813
503 2817
504 2817
505 2821
506 2827
507 2822
508 2826
509 2835
510 2834
511 2831
512 2831
513 2831
514 2832
515 2840
516 2839
517 2841
518 2844
519 2844
520 2846
521 2854
522 2852
523 2850
524 2850
525 2850
526 2852
527 2853
528 2857
529 2856
530 2860
531 2858
532 2863
533 2872
534 2869
535 2869
536 2879
537 2874
538 2878
539 2877
540 2876
541 2880
542 2879
543 2881
544 2880
545 2888
546 2888
547 2886
548 2893
549 2889
550 2891
551 2905
552 2899
553 2898
554 2901
555 2898
556 2905
557 2905
558 2904
559 2904
560 2912
561 2911
562 2914
563 2916
564 2914
565 2918
566 2930
567 2923
568 2921
569 2925
570 2922
571 2929
572 2927
573 2930
574 2929
575 2935
576 2936
577 2940
578 2942
579 2945
580 2947
581 2954
582 2947
583 2954
584 2953
585 2952
586 2955
587 2953
588 2961
589 2954
590 2964
591 2963
592 2965
593 2969
594 2966
595 2968
596 2981
597 2976
598 2978
599 2978
600 2978
601 2984
602 2981
603 2989
604 2982
605 2988
606 2987
607 2990
608 2993
609 2993
610 2991
611 3002
612 2999
613 3002
614 3003
615 3003
616 3003
617 3004
618 3005
619 3003
620 3012
621 3012
622 3019
623 3020
624 3023
625 3021
626 3029
627 3023
628 3027
629 3025
630 3031
631 3028
632 3029
633 3031
634 3030
635 3036
636 3036
637 3045
638 3046
639 3045
640 3045
641 3053
642 3052
643 3052
644 3052
645 3054
646 3055
647 3057
648 3059
649 3057
650 3065
651 3061
652 3064
653 3067
654 3068
655 3070
656 3078
657 3073
658 3075
659 3075
660 3074
661 3078
662 3077
663 3076
664 3082
665 3084
666 3084
667 3087
668 3088
669 3090
670 3095
671 3104
672 3095
673 3100
674 3100
675 3101
676 3100
677 3098
678 3103
679 3103
680 3104
681 3108
682 3107
683 3113
684 3109
685 3115
686 3127
687 3123
688 3122
689 3126
690 3122
691 3128
692 3124
693 3126
694 3128
695 3130
696 3130
697 3133
698 3137
699 3132
700 3140
701 3148
702 3142
703 3145
704 3144
705 3143
706 3149
707 3142
708 3149
709 3149
710 3151
711 3152
712 3156
713 3159
714 3157
715 3162
716 3166
717 3165
718 3167
719 3167
720 3164
721 3168
722 3167
723 3170
724 3170
725 3176
726 3176
727 3179
728 3182
729 3181
730 3184
731 3194
732 3191
733 3191
734 3192
735 3191
736 3195
737 3194
738 3193
739 3195
740 3200
741 3201
742 3205
743 3206
744 3206
745 3204
746 3218
747 3215
748 3212
749 3217
750 3215
751 3218
752 3215
753 3220
754 3219
755 3226
756 3228
757 3227
758 3236
759 3233
760 3235
761 3244
762 3237
763 3241
764 3238
765 3240
766 3240
767 3241
768 3246
769 3239
770 3248
771 3251
772 3253
773 3258
774 3256
775 3260
776 3268
777 3264
778 3266
779 3265
780 3266
781 3269
782 3270
783 3274
784 3269
785 3277
786 3275
787 3279
788 3283
789 3282
790 3283
791 3291
792 3290
793 3289
794 3289
795 3293
796 3292
797 3293
798 3296
799 3294
800 3303
801 3300
802 3313
803 3309
804 3312
805 3312
806 3318
807 3313
808 3317
809 3318
810 3317
811 3317
812 3317
813 3319
814 3319
815 3325
816 3326
817 3327
818 3333
819 3332
820 3336
821 3342
822 3340
823 3341
824 3340
825 3341
826 3344
827 3344
828 3343
829 3345
830 3349
831 3349
832 3351
833 3353
834 3353
835 3359
836 3366
837 3361
838 3363
839 3362
840 3362
841 3364
842 3366
843 3367
844 3369
845 3372
846 3374
847 3377
848 3379
849 3381
850 3383
851 3391
852 3387
853 3388
854 3389
855 3387
856 3390
857 3390
858 3392
859 3393
860 3395
861 3400
862 3401
863 3405
864 3405
865 3409
866 3416
867 3412
868 3415
869 3414
870 3415
871 3418
872 3417
873 3415
874 3418
875 3424
876 3423
877 3425
878 3434
879 3431
880 3431
881 3444
882 3436
883 3438
884 3435
885 3438
886 3438
887 3441
888 3443
889 3442
890 3448
891 3447
892 3450
893 3455
894 3455
895 3456
896 3468
897 3458
898 3462
899 3464
900 3464
901 3464
902 3465
903 3467
904 3464
905 3473
906 3473
907 3475
908 3481
909 3478
910 3481
911 3492
912 3484
913 3487
914 3487
915 3487
916 3491
917 3492
918 3493
919 3492
920 3501
921 3500
922 3503
923 3506
924 3503
925 3506
926 3519
927 3509
928 3511
929 3515
930 3514
931 3516
932 3514
933 3518
934 3517
935 3526
936 3525
937 3526
938 3534
939 3531
940 3534
941 3542
942 3537
943 3543
944 3540
945 3542
946 3542
947 3543
948 3546
949 3542
950 3551
951 3552
952 3552
953 3556
954 3556
955 3557
956 3570
957 3565
958 3568
959 3567
960 3567
961 3576
962 3571
963 3575
964 3575
965 3578
966 3578
967 3579
968 3585
969 3584
970 3583
971 3590
972 3591
973 3592
974 3591
975 3594
976 3593
977 3595
978 3596
979 3593
980 3603
981 3602
982 3605
983 3610
984 3615
985 3611
986 3620
987 3616
988 3616
989 3617
990 3621
991 3618
992 3620
993 3620
994 3619
995 3629
996 3628
997 3637
998 3634
999 3635
1000 3639
1001 3643
1002 3643
1003 3641
1004 3640
1005 3644
1006 3645
1007 3647
1008 3648
1009 3649
1010 3659
1011 3653
1012 3657
1013 3659
1014 3657
1015 3659
1016 3671
1017 3668
1018 3666
1019 3669
1020 3667
1021 3669
1022 3670
1023 3669
1024 3673
1025 3680
1026 3681
1027 3681
1028 3685
1029 3685
1030 3687
1031 3698
1032 3688
1033 3692
1034 3695
1035 3694
1036 3694
1037 3694
1038 3697
1039 3697
1040 3701
1041 3704
1042 3704
1043 3711
1044 3709
1045 3712
1046 3725
1047 3714
1048 3719
1049 3724
1050 3722
1051 3723
1052 3725
1053 3724
1054 3723
1055 3730
1056 3731
1057 3732
1058 3737
1059 3734
1060 3740
1061 3751
1062 3741
1063 3744
1064 3745
1065 3748
1066 3752
1067 3746
1068 3746
1069 3749
1070 3758
1071 3758
1072 3761
1073 3767
1074 3766
1075 3767
1076 3778
1077 3768
1078 3771
1079 3771
1080 3773
1081 3774
1082 3773
1083 3776
1084 3774
1085 3783
1086 3781
1087 3784
1088 3791
1089 3787
1090 3790
1091 3805
1092 3797
1093 3800
1094 3797
1095 3797
1096 3804
1097 3804
1098 3808
1099 3809
1100 3814
1101 3812
1102 3814
1103 3815
1104 3816
1105 3816
1106 3828
1107 3824
1108 3825
1109 3826
1110 3831
1111 3837
1112 3831
1113 3836
1114 3839
1115 3841
1116 3842
1117 3845
1118 3853
1119 3850
1120 3848
1121 3858
1122 3855
1123 3860
1124 3862
1125 3859
1126 3862
1127 3860
1128 3870
1129 3862
1130 3867
1131 3867
1132 3872
1133 3870
1134 3875
1135 3877
1136 3890
1137 3877
1138 3886
1139 3885
1140 3886
1141 3892
1142 3889
1143 3895
1144 3892
1145 3897
1146 3894
1147 3898
1148 3901
1149 3904
1150 3902
1151 3911
1152 3909
1153 3907
1154 3910
1155 3913
1156 3911
1157 3911
1158 3913
1159 3913
1160 3918
1161 3920
1162 3926
1163 3928
1164 3933
1165 3930
1166 3937
1167 3933
1168 3934
1169 3939
1170 3939
1171 3937
1172 3938
1173 3940
1174 3938
1175 3945
1176 3948
1177 3949
1178 3955
1179 3956
1180 3954
1181 3962
1182 3962
1183 3959
1184 3963
1185 3964
1186 3970
1187 3967
1188 3969
1189 3968
1190 3979
1191 3973
1192 3980
1193 3981
1194 3980
1195 3979
1196 3989
1197 3990
1198 3987
1199 3988
1200 3989
1201 3989
1202 3993
1203 3994
1204 3994
1205 3999
1206 3999
1207 4008
1208 4006
1209 4007
1210 4010
1211 4020
1212 4010
1213 4015
1214 4016
1215 4016
1216 4016
1217 4016
1218 4016
1219 4017
1220 4025
1221 4025
1222 4028
1223 4036
1224 4030
1225 4034
1226 4043
1227 4036
1228 4040
1229 4048
1230 4048
1231 4048
1232 4046
1233 4047
1234 4051
1235 4052
1236 4056
1237 4055
1238 4063
1239 4059
1240 4064
1241 4073
1242 4062
1243 4067
1244 4067
1245 4069
1246 4070
1247 4070
1248 4069
1249 4073
1250 4078
1251 4079
1252 4079
1253 4087
1254 4090
1255 4091
1256 4102
1257 4095
1258 4097
1259 4099
1260 4096
1261 4100
1262 4097
1263 4101
1264 4098
1265 4109
1266 4106
1267 4109
1268 4115
1269 4111
1270 4113
1271 4129
1272 4122
1273 4119
1274 4121
1275 4124
1276 4129
1277 4127
1278 4129
1279 4128
1280 4135
1281 4130
1282 4136
1283 4141
1284 4139
1285 4139
1286 4154
1287 4144
1288 4146
1289 4150
1290 4149
1291 4152
1292 4150
1293 4151
1294 4152
1295 4159
1296 4159
1297 4166
1298 4168
1299 4168
1300 4171
1301 4183
1302 4174
1303 4178
1304 4177
1305 4175
1306 4176
1307 4177
1308 4182
1309 4177
1310 4184
1311 4187
1312 4190
1313 4194
1314 4193
1315 4195
1316 4208
1317 4202
1318 4203
1319 4204
1320 4204
1321 4208
1322 4206
1323 4209
1324 4204
1325 4214
1326 4212
1327 4212
1328 4218
1329 4221
1330 4222
1331 4227
1332 4227
1333 4225
1334 4229
1335 4229
1336 4231
1337 4229
1338 4231
1339 4231
1340 4235
1341 4239
1342 4243
1343 4248
1344 4249
1345 4248
1346 4252
1347 4250
1348 4250
1349 4252
1350 4254
1351 4254
1352 4253
1353 4260
1354 4254
1355 4262
1356 4264
1357 4266
1358 4268
1359 4269
1360 4273
1361 4279
1362 4276
1363 4276
1364 4280
1365 4279
1366 4284
1367 4281
1368 4283
1369 4280
1370 4293
1371 4285
1372 4290
1373 4293
1374 4292
1375 4296
1376 4304
1377 4301
1378 4300
1379 4303
1380 4302
1381 4302
1382 4303
1383 4305
1384 4305
1385 4311
1386 4311
1387 4313
1388 4317
1389 4320
1390 4322
1391 4331
1392 4321
1393 4326
1394 4328
1395 4327
1396 4330
1397 4326
1398 4329
1399 4332
1400 4336
1401 4337
1402 4339
1403 4345
1404 4343
1405 4347
1406 4356
1407 4349
1408 4349
1409 4359
1410 4356
1411 4358
1412 4356
1413 4361
1414 4356
1415 4364
1416 4361
1417 4364
1418 4373
1419 4366
1420 4374
1421 4383
1422 4374
1423 4376
1424 4376
1425 4376
1426 4379
1427 4378
1428 4382
1429 4380
1430 4383
1431 4387
1432 4398
1433 4397
1434 4398
1435 4401
1436 4408
1437 4396
1438 4402
1439 4403
1440 4402
1441 4404
1442 4405
1443 4405
1444 4403
1445 4414
1446 4411
1447 4414
1448 4417
1449 4416
1450 4420
1451 4427
1452 4423
1453 4426
1454 4429
1455 4431
1456 4433
1457 4432
1458 4434
1459 4431
1460 4441
1461 4439
1462 4443
1463 4444
1464 4444
1465 4445
1466 4454
1467 4452
1468 4449
1469 4451
1470 4452
1471 4454
1472 4453
1473 4455
1474 4455
1475 4459
1476 4463
1477 4471
1478 4472
1479 4471
1480 4473
1481 4481
1482 4478
1483 4480
1484 4478
1485 4478
1486 4479
1487 4476
1488 4481
1489 4481
1490 4486
1491 4489
1492 4491
1493 4491
1494 4492
1495 4498
1496 4502
1497 4493
1498 4498
1499 4502
1500 4501
1501 4505
1502 4506
1503 4505
1504 4506
1505 4509
1506 4511
1507 4512
1508 4515
1509 4515
1510 4522
1511 4524
1512 4519
1513 4522
1514 4528
1515 4525
1516 4523
1517 4524
1518 4529
1519 4529
1520 4531
1521 4533
1522 4535
1523 4542
1524 4546
1525 4544
1526 4551
1527 4547
1528 4543
1529 4549
1530 4549
1531 4551
1532 4549
1533 4553
1534 4551
1535 4556
1536 4558
1537 4560
1538 4560
1539 4565
1540 4564
1541 4569
1542 4569
1543 4567
1544 4565
1545 4573
1546 4578
1547 4572
1548 4575
1549 4574
1550 4584
1551 4578
1552 4582
1553 4585
1554 4585
1555 4586
1556 4595
1557 4591
1558 4590
1559 4591
1560 4595
1561 4597
1562 4595
1563 4596
1564 4599
1565 4605
1566 4601
1567 4603
1568 4612
1569 4612
1570 4614
1571 4625
1572 4615
1573 4618
1574 4617
1575 4617
1576 4619
1577 4618
1578 4619
1579 4622
1580 4625
1581 4627
1582 4630
1583 4635
1584 4634
1585 4634
1586 4641
1587 4642
1588 4641
1589 4654
1590 4648
1591 4647
1592 4647
1593 4650
1594 4645
1595 4654
1596 4652
1597 4655
1598 4661
1599 4659
1600 4665
1601 4669
1602 4665
1603 4665
1604 4666
1605 4666
1606 4669
1607 4668
1608 4668
1609 4673
1610 4674
1611 4675
1612 4688
1613 4689
1614 4686
1615 4685
1616 4694
1617 4688
1618 4692
1619 4693
1620 4691
1621 4694
1622 4694
1623 4697
1624 4696
1625 4700
1626 4703
1627 4702
1628 4706
1629 4706
1630 4707
1631 4720
1632 4714
1633 4713
1634 4725
1635 4720
1636 4721
1637 4720
1638 4721
1639 4719
1640 4726
1641 4726
1642 4729
1643 4731
1644 4730
1645 4732
1646 4739
1647 4734
1648 4736
1649 4737
1650 4740
1651 4742
1652 4738
1653 4741
1654 4741
1655 4747
1656 4749
1657 4761
1658 4763
1659 4759
1660 4761
1661 4765
1662 4763
1663 4765
1664 4764
1665 4764
1666 4766
1667 4764
1668 4767
1669 4768
1670 4775
1671 4775
1672 4778
1673 4775
1674 4780
1675 4785
1676 4785
1677 4779
1678 4784
1679 4794
1680 4792
1681 4792
1682 4793
1683 4794
1684 4793
1685 4797
1686 4798
1687 4798
1688 4802
1689 4804
1690 4810
1691 4812
1692 4807
1693 4811
1694 4816
1695 4813
1696 4813
1697 4815
1698 4818
1699 4819
1700 4819
1701 4822
1702 4828
1703 4830
1704 4833
1705 4832
1706 4835
1707 4832
1708 4833
1709 4838
1710 4838
1711 4836
1712 4840
1713 4840
1714 4837
1715 4845
1716 4848
1717 4854
1718 4852
1719 4856
1720 4853
1721 4862
1722 4857
1723 4857
1724 4867
1725 4863
1726 4865
1727 4863
1728 4863
1729 4864
1730 4877
1731 4872
1732 4873
1733 4877
1734 4877
1735 4877
1736 4889
1737 4885
1738 4882
1739 4883
1740 4885
1741 4886
1742 4887
1743 4887
1744 4887
1745 4894
1746 4895
1747 4896
1748 4900
1749 4904
1750 4904
1751 4916
1752 4905
1753 4908
1754 4912
1755 4911
1756 4911
1757 4910
1758 4915
1759 4914
1760 4919
1761 4919
1762 4919
1763 4927
1764 4925
1765 4920
1766 4937
1767 4931
1768 4936
1769 4944
1770 4942
1771 4941
1772 4940
1773 4940
1774 4938
1775 4947
1776 4945
1777 4949
1778 4957
1779 4949
1780 4955
1781 4967
1782 4957
1783 4956
1784 4960
1785 4957
1786 4960
1787 4962
1788 4962
1789 4963
1790 4968
1791 4966
1792 4982
1793 4982
1794 4981
1795 4983
1796 4989
1797 4984
1798 4987
1799 4988
