0 -3297
1 -3354
2 -3347
3 -3343
4 -3344
5 -3342
6 -3344
7 -3347
8 -3332
9 -3284
10 -3331
11 -3315
12 -3324
13 -3325
14 -3320
15 -3320
16 -3301
17 -3315
18 -3311
19 -3312
20 -3312
21 -3314
22 -3309
23 -3308
24 -3306
25 -3305
26 -3304
27 -3301
28 -3296
29 -3293
30 -3297
31 -3291
32 -3291
33 -3292
34 -3293
35 -3287
36 -3291
37 -3287
38 -3283
39 -3280
40 -3276
41 -3274
42 -3272
43 -3269
44 -3270
45 -3269
46 -3264
47 -3265
48 -3264
49 -3269
50 -3261
51 -3265
52 -3262
53 -3259
54 -3257
55 -3256
56 -3254
57 -3201
58 -3198
59 -3195
60 -3194
61 -3193
62 -3190
63 -3189
64 -3191
65 -3190
66 -3190
67 -3185
68 -3184
69 -3184
70 -3181
71 -3179
72 -3177
73 -3174
74 -3168
75 -3175
76 -3172
77 -3169
78 -3167
79 -3170
80 -3165
81 -3168
82 -3163
83 -3162
84 -3160
85 -3156
86 -3153
87 -3152
88 -3150
89 -3146
90 -3148
91 -3143
92 -3144
93 -3143
94 -3146
95 -3142
96 -3142
97 -3139
98 -3135
99 -3138
100 -3132
101 -3132
102 -3126
103 -3123
104 -3118
105 -3123
106 -3117
107 -3118
108 -3115
109 -3113
110 -3113
111 -3115
112 -3112
113 -3110
114 -3109
115 -3103
116 -3102
117 -3096
118 -3099
119 -3096
120 -3096
121 -3094
122 -3088
123 -3089
124 -3087
125 -3086
126 -3085
127 -3082
128 -3081
129 -3081
130 -3076
131 -3072
132 -3064
133 -3068
134 -3063
135 -3065
136 -3062
137 -3060
138 -3059
139 -3059
140 -3054
141 -3056
142 -3055
143 -3051
144 -3048
145 -3043
146 -3044
147 -3041
148 -3039
149 -3037
150 -3034
151 -3030
152 -3030
153 -3029
154 -3025
155 -3022
156 -3024
157 -3022
158 -3019
159 -3021
160 -3014
161 -3014
162 -3007
163 -3008
164 -3004
165 -3006
166 -3002
167 -3002
168 -2998
169 -2999
170 -2997
171 -2998
172 -2993
173 -2991
174 -2990
175 -2983
176 -2984
177 -2979
178 -2974
179 -2975
180 -2975
181 -2973
182 -2970
183 -2969
184 -2972
185 -2969
186 -2970
187 -2965
188 -2962
189 -2960
190 -2957
191 -2956
192 -2952
193 -2950
194 -2942
195 -2947
196 -2944
197 -2939
198 -2935
199 -2940
200 -2937
201 -2940
202 -2937
203 -2932
204 -2933
205 -2930
206 -2927
207 -2923
208 -2922
209 -2917
210 -2920
211 -2918
212 -2915
213 -2913
214 -2919
215 -2913
216 -2916
217 -2913
218 -2909
219 -2907
220 -2906
221 -2903
222 -2897
223 -2898
224 -2895
225 -2897
226 -2892
227 -2895
228 -2891
229 -2898
230 -2892
231 -2893
232 -2892
233 -2888
234 -2886
235 -2885
236 -2886
237 -2882
238 -2876
239 -2874
240 -2875
241 -2874
242 -2877
243 -2877
244 -2876
245 -2874
246 -2875
247 -2872
248 -2870
249 -2869
250 -2867
251 -2866
252 -2862
253 -2861
254 -2855
255 -2861
256 -2857
257 -2858
258 -2854
259 -2859
260 -2853
261 -2855
262 -2852
263 -2851
264 -2849
265 -2848
266 -2845
267 -2840
268 -2837
269 -2836
270 -2837
271 -2833
272 -2834
273 -2836
274 -2838
275 -2832
276 -2835
277 -2832
278 -2829
279 -2829
280 -2822
281 -2824
282 -2819
283 -2819
284 -2813
285 -2815
286 -2809
287 -2813
288 -2810
289 -2810
290 -2809
291 -2808
292 -2807
293 -2803
294 -2805
295 -2801
296 -2799
297 -2794
298 -2792
299 -2788
300 -2790
301 -2785
302 -2786
303 -2782
304 -2787
305 -2783
306 -2785
307 -2781
308 -2778
309 -2777
310 -2770
311 -2768
312 -2765
313 -2762
314 -2764
315 -2764
316 -2759
317 -2759
318 -2756
319 -2762
320 -2758
321 -2758
322 -2755
323 -2752
324 -2750
325 -2745
326 -2744
327 -2742
328 -2740
329 -2736
330 -2737
331 -2733
332 -2732
333 -2728
334 -2731
335 -2726
336 -2731
337 -2727
338 -2724
339 -2725
340 -2723
341 -2719
342 -2714
343 -2713
344 -2710
345 -2712
346 -2709
347 -2707
348 -2706
349 -2711
350 -2705
351 -2708
352 -2704
353 -2701
354 -2702
355 -2698
356 -2697
357 -2696
358 -2690
359 -2685
360 -2690
361 -2684
362 -2687
363 -2687
364 -2691
365 -2687
366 -2688
367 -2686
368 -2685
369 -2683
370 -2680
371 -2678
372 -2677
373 -2673
374 -2671
375 -2672
376 -2668
377 -2669
378 -2664
379 -2673
380 -2666
381 -2669
382 -2669
383 -2666
384 -2665
385 -2666
386 -2664
387 -2661
388 -2659
389 -2653
390 -2658
391 -2654
392 -2654
393 -2655
394 -2660
395 -2654
396 -2657
397 -2656
398 -2653
399 -2650
400 -2651
401 -2648
402 -2645
403 -2645
404 -2642
405 -2642
406 -2640
407 -2642
408 -2642
409 -2646
410 -2642
411 -2644
412 -2643
413 -2638
414 -2637
415 -2637
416 -2637
417 -2630
418 -2629
419 -2627
420 -2629
421 -2627
422 -2628
423 -2625
424 -2626
425 -2623
426 -2628
427 -2624
428 -2623
429 -2622
430 -2620
431 -2619
432 -2614
433 -2613
434 -2606
435 -2613
436 -2610
437 -2612
438 -2607
439 -2610
440 -2607
441 -2607
442 -2602
443 -2601
444 -2601
445 -2598
446 -2594
447 -2592
448 -2589
449 -2587
450 -2589
451 -2584
452 -2586
453 -2586
454 -2587
455 -2583
456 -2584
457 -2582
458 -2577
459 -2578
460 -2571
461 -2572
462 -2571
463 -2567
464 -2558
465 -2563
466 -2558
467 -2561
468 -2559
469 -2558
470 -2557
471 -2556
472 -2554
473 -2551
474 -2551
475 -2547
476 -2547
477 -2542
478 -2541
479 -2535
480 -2540
481 -2536
482 -2535
483 -2534
484 -2534
485 -2532
486 -2533
487 -2529
488 -2525
489 -2525
490 -2517
491 -2517
492 -2513
493 -2515
494 -2511
495 -2513
496 -2508
497 -2509
498 -2502
499 -2508
500 -2505
501 -2506
502 -2503
503 -2499
504 -2499
505 -2495
506 -2494
507 -2489
508 -2488
509 -2483
510 -2485
511 -2482
512 -2483
513 -2476
514 -2478
515 -2475
516 -2478
517 -2476
518 -2472
519 -2473
520 -2470
521 -2469
522 -2462
523 -2463
524 -2457
525 -2460
526 -2459
527 -2456
528 -2455
529 -2459
530 -2453
531 -2456
532 -2454
533 -2451
534 -2450
535 -2446
536 -2445
537 -2441
538 -2436
539 -2435
540 -2440
541 -2434
542 -2436
543 -2437
544 -2440
545 -2436
546 -2439
547 -2435
548 -2431
549 -2431
550 -2429
551 -2429
552 -2426
553 -2420
554 -2419
555 -2420
556 -2418
557 -2419
558 -2415
559 -2420
560 -2418
561 -2421
562 -2418
563 -2417
564 -2416
565 -2416
566 -2417
567 -2409
568 -2411
569 -2406
570 -2411
571 -2405
572 -2410
573 -2406
574 -2412
575 -2406
576 -2409
577 -2410
578 -2400
579 -2406
580 -2403
581 -2402
582 -2399
583 -2398
584 -2396
585 -2397
586 -2394
587 -2397
588 -2397
589 -2402
590 -2396
591 -2397
592 -2397
593 -2393
594 -2394
595 -2392
596 -2392
597 -2383
598 -2384
599 -2383
600 -2385
601 -2384
602 -2385
603 -2383
604 -2385
605 -2383
606 -2388
607 -2382
608 -2383
609 -2381
610 -2381
611 -2380
612 -2373
613 -2370
614 -2368
615 -2371
616 -2371
617 -2371
618 -2369
619 -2372
620 -2370
621 -2372
622 -2368
623 -2367
624 -2366
625 -2361
626 -2361
627 -2359
628 -2357
629 -2356
630 -2356
631 -2351
632 -2354
633 -2357
634 -2358
635 -2352
636 -2356
637 -2354
638 -2351
639 -2350
640 -2345
641 -2347
642 -2340
643 -2341
644 -2337
645 -2336
646 -2334
647 -2336
648 -2337
649 -2336
650 -2334
651 -2335
652 -2334
653 -2329
654 -2329
655 -2326
656 -2327
657 -2321
658 -2321
659 -2315
660 -2319
661 -2316
662 -2314
663 -2312
664 -2316
665 -2313
666 -2314
667 -2311
668 -2310
669 -2311
670 -2300
671 -2301
672 -2299
673 -2298
674 -2297
675 -2298
676 -2295
677 -2295
678 -2292
679 -2298
680 -2291
681 -2296
682 -2291
683 -2289
684 -2290
685 -2290
686 -2285
687 -2282
688 -2283
689 -2281
690 -2283
691 -2279
692 -2278
693 -2273
694 -2279
695 -2275
696 -2278
697 -2275
698 -2276
699 -2274
700 -2274
701 -2274
702 -2270
703 -2268
704 -2264
705 -2271
706 -2264
707 -2266
708 -2265
709 -2269
710 -2267
711 -2272
712 -2265
713 -2266
714 -2265
715 -2264
716 -2261
717 -2252
718 -2253
719 -2255
720 -2260
721 -2251
722 -2259
723 -2255
724 -2263
725 -2261
726 -2264
727 -2259
728 -2265
729 -2261
730 -2259
731 -2260
732 -2253
733 -2250
734 -2254
735 -2261
736 -2247
737 -2247
738 -2250
739 -2251
740 -2252
741 -2256
742 -2255
743 -2256
744 -2256
745 -2254
746 -2256
747 -2250
748 -2247
749 -2250
750 -2256
751 -2247
752 -2254
753 -2248
754 -2255
755 -2250
756 -2257
757 -2255
758 -2253
759 -2251
760 -2247
761 -2250
762 -2245
763 -2246
764 -2248
765 -2247
766 -2246
767 -2249
768 -2248
769 -2252
770 -2247
771 -2251
772 -2250
773 -2246
774 -2246
775 -2245
776 -2245
777 -2240
778 -2237
779 -2239
780 -2240
781 -2237
782 -2237
783 -2237
784 -2239
785 -2237
786 -2242
787 -2238
788 -2237
789 -2236
790 -2233
791 -2233
792 -2231
793 -2230
794 -2226
795 -2233
796 -2229
797 -2227
798 -2226
799 -2231
800 -2230
801 -2232
802 -2229
803 -2228
804 -2225
805 -2221
806 -2220
807 -2218
808 -2215
809 -2214
810 -2217
811 -2211
812 -2216
813 -2216
814 -2219
815 -2214
816 -2217
817 -2216
818 -2212
819 -2214
820 -2210
821 -2211
822 -2206
823 -2208
824 -2196
825 -2204
826 -2199
827 -2203
828 -2197
829 -2203
830 -2198
831 -2203
832 -2202
833 -2199
834 -2197
835 -2194
836 -2196
837 -2188
838 -2194
839 -2187
840 -2190
841 -2184
842 -2188
843 -2187
844 -2189
845 -2185
846 -2189
847 -2187
848 -2185
849 -2186
850 -2178
851 -2175
852 -2174
853 -2175
854 -2173
855 -2184
856 -2171
857 -2175
858 -2170
859 -2178
860 -2172
862 -2174
863 -2173
864 -2173
865 -2170
866 -2168
867 -2171
868 -2165
869 -2165
870 -2171
871 -2160
872 -2164
873 -2156
874 -2161
875 -2159
876 -2166
877 -2160
878 -2164
879 -2161
880 -2161
881 -2164
882 -2157
883 -2155
884 -2158
885 -2166
886 -2154
887 -2157
888 -2157
889 -2158
890 -2158
891 -2161
892 -2157
893 -2157
894 -2154
895 -2159
896 -2152
897 -2147
898 -2145
899 -2151
900 -2155
901 -2148
902 -2154
903 -2150
904 -2152
905 -2148
906 -2151
907 -2155
908 -2157
909 -2154
910 -2151
911 -2150
912 -2150
913 -2146
914 -2146
915 -2152
916 -2144
917 -2144
918 -2149
919 -2146
920 -2151
921 -2155
922 -2151
923 -2156
924 -2152
925 -2153
926 -2152
927 -2149
928 -2149
929 -2149
930 -2157
931 -2145
932 -2146
933 -2147
934 -2152
935 -2151
936 -2154
937 -2151
938 -2152
939 -2151
940 -2149
941 -2145
942 -2144
943 -2143
944 -2145
945 -2147
946 -2144
947 -2147
948 -2147
949 -2151
950 -2148
951 -2149
952 -2150
953 -2145
954 -2148
955 -2148
956 -2148
957 -2141
958 -2140
959 -2138
960 -2143
961 -2141
962 -2140
963 -2138
964 -2141
965 -2141
966 -2144
967 -2141
968 -2140
969 -2140
970 -2136
971 -2137
972 -2137
973 -2134
974 -2130
975 -2134
976 -2133
977 -2131
978 -2128
979 -2134
980 -2131
981 -2134
982 -2132
983 -2129
984 -2126
985 -2120
986 -2117
987 -2120
988 -2116
989 -2120
990 -2121
991 -2116
992 -2119
993 -2119
994 -2122
995 -2116
996 -2120
997 -2118
998 -2117
999 -2117
1000 -2113
1001 -2112
1002 -2110
1003 -2107
1004 -2100
1005 -2106
1006 -2101
1007 -2106
1008 -2102
1009 -2105
1010 -2100
1011 -2103
1012 -2103
1013 -2099
1014 -2100
1015 -2099
1016 -2097
1017 -2091
1018 -2095
1019 -2090
1020 -2092
1021 -2087
1022 -2090
1023 -2091
1024 -2092
1025 -2089
1026 -2092
1027 -2090
1028 -2088
1029 -2084
1030 -2079
1031 -2082
1032 -2077
1033 -2078
1034 -2077
1035 -2083
1036 -2074
1037 -2079
1038 -2073
1039 -2081
1040 -2078
1041 -2079
1042 -2078
1043 -2078
1044 -2078
1045 -2075
1046 -2073
1047 -2070
1048 -2072
1049 -2070
1050 -2078
1051 -2070
1052 -2068
1053 -2065
1054 -2069
1055 -2066
1056 -2075
1057 -2067
1058 -2073
1059 -2070
1060 -2072
1061 -2071
1062 -2066
1063 -2060
1064 -2065
1065 -2074
1066 -2064
1067 -2068
1068 -2064
1069 -2070
1070 -2065
1071 -2071
1072 -2065
1073 -2065
1074 -2064
1075 -2067
1076 -2063
1077 -2057
1078 -2058
1079 -2061
1080 -2067
1081 -2057
1082 -2063
1083 -2063
1084 -2068
1085 -2069
1086 -2072
1087 -2066
1088 -2068
1089 -2065
1090 -2058
1091 -2061
1092 -2059
1093 -2058
1094 -2059
1095 -2065
1096 -2054
1097 -2061
1098 -2060
1099 -2060
1100 -2061
1101 -2066
1102 -2066
1103 -2062
1104 -2066
1105 -2062
1106 -2063
1107 -2058
1108 -2057
1109 -2056
1110 -2063
1111 -2057
1112 -2059
1113 -2059
1114 -2061
1115 -2060
1116 -2067
1117 -2065
1118 -2064
1119 -2058
1120 -2054
1121 -2056
1122 -2054
1123 -2053
1124 -2055
1125 -2055
1126 -2051
1127 -2054
1128 -2054
1129 -2059
1130 -2053
1131 -2056
1132 -2056
1133 -2052
1134 -2054
1135 -2052
1136 -2052
1137 -2050
1138 -2046
1139 -2045
1140 -2047
1141 -2039
1142 -2041
1143 -2041
1144 -2043
1145 -2043
1146 -2045
1147 -2041
1148 -2043
1149 -2042
1150 -2039
1151 -2039
1152 -2036
1153 -2035
1154 -2030
1155 -2038
1156 -2034
1157 -2032
1158 -2031
1159 -2036
1160 -2032
1161 -2035
1162 -2031
1163 -2029
1164 -2027
1165 -2023
1166 -2021
1167 -2021
1168 -2018
1169 -2018
1170 -2019
1171 -2014
1172 -2018
1173 -2018
1174 -2020
1175 -2015
1176 -2019
1177 -2017
1178 -2014
1179 -2014
1180 -2011
1181 -2010
1182 -2009
1183 -2009
1184 -1998
1185 -2004
1186 -1998
1187 -1999
1188 -1998
1189 -2003
1190 -2001
1191 -2003
1192 -2003
1193 -1999
1194 -2000
1195 -1998
1196 -1998
1197 -1990
1198 -1994
1199 -1988
1200 -1990
1201 -1987
1202 -1987
1203 -1988
1204 -1990
1205 -1986
1206 -1989
1207 -1989
1208 -1986
1209 -1981
1210 -1975
1211 -1977
1212 -1975
1213 -1975
1214 -1972
1215 -1978
1216 -1972
1217 -1974
1218 -1971
1219 -1978
1220 -1972
1221 -1976
1222 -1974
1223 -1973
1224 -1972
1225 -1970
1226 -1968
1227 -1965
1228 -1965
1229 -1963
1230 -1969
1231 -1962
1232 -1959
1233 -1954
1234 -1963
1235 -1958
1236 -1961
1237 -1961
1238 -1959
1239 -1960
1240 -1959
1241 -1959
1242 -1954
1243 -1954
1244 -1950
1245 -1955
1246 -1948
1247 -1953
1248 -1951
1249 -1957
1250 -1953
1251 -1959
1252 -1951
1253 -1955
1254 -1953
1255 -1948
1256 -1943
1257 -1942
1258 -1944
1259 -1943
1260 -1944
1261 -1940
1262 -1946
1263 -1943
1264 -1949
1265 -1949
1266 -1947
1267 -1947
1268 -1943
1269 -1943
1270 -1939
1271 -1944
1272 -1939
1273 -1935
1274 -1937
1275 -1940
1276 -1930
1277 -1936
1278 -1933
1279 -1938
1280 -1935
1281 -1938
1282 -1936
1283 -1932
1284 -1934
1285 -1934
1286 -1935
1287 -1927
1288 -1928
1289 -1922
1290 -1930
1291 -1926
1292 -1924
1293 -1926
1294 -1931
1295 -1923
1296 -1929
1297 -1926
1298 -1924
1299 -1923
1300 -1918
1301 -1916
1302 -1914
1303 -1914
1304 -1913
1305 -1915
1306 -1913
1307 -1913
1308 -1913
1309 -1917
1310 -1911
1311 -1915
1312 -1911
1313 -1912
1314 -1909
1315 -1908
1316 -1907
1317 -1902
1318 -1902
1319 -1897
1320 -1903
1321 -1900
1322 -1893
1323 -1894
1324 -1896
1325 -1896
1326 -1897
1327 -1894
1328 -1892
1329 -1892
1330 -1889
1331 -1889
1332 -1884
1333 -1883
1334 -1876
1335 -1885
1336 -1881
1337 -1882
1338 -1880
1339 -1884
1340 -1880
1341 -1881
1342 -1878
1343 -1876
1344 -1868
1345 -1867
1346 -1866
1347 -1866
1348 -1862
1349 -1862
1350 -1865
1351 -1859
1352 -1861
1353 -1864
1354 -1865
1355 -1860
1356 -1862
1357 -1861
1358 -1858
1359 -1858
1360 -1855
1361 -1854
1362 -1851
1363 -1851
1364 -1840
1365 -1849
1366 -1844
1367 -1846
1368 -1842
1369 -1846
1370 -1842
1371 -1846
1372 -1844
1373 -1840
1374 -1841
1375 -1839
1376 -1837
1377 -1832
1378 -1835
1379 -1832
1380 -1832
1381 -1829
1382 -1831
1383 -1832
1384 -1835
1385 -1830
1386 -1833
1387 -1833
1388 -1830
1389 -1828
1390 -1823
1391 -1823
1392 -1820
1393 -1819
1394 -1818
1395 -1823
1396 -1816
1397 -1818
1398 -1816
1399 -1824
1400 -1818
1401 -1822
1402 -1820
1403 -1820
1404 -1821
1405 -1815
1406 -1815
1407 -1815
1408 -1811
1409 -1812
1410 -1817
1411 -1810
1412 -1809
1413 -1805
1414 -1809
1415 -1808
1416 -1815
1417 -1810
1418 -1807
1419 -1810
1420 -1808
1421 -1810
1422 -1804
1423 -1804
1424 -1801
1425 -1807
1426 -1799
1427 -1803
1428 -1802
1429 -1808
1430 -1806
1431 -1808
1432 -1808
1433 -1804
1434 -1805
1435 -1798
1436 -1800
1437 -1798
1438 -1795
1439 -1793
1440 -1800
1441 -1792
1442 -1798
1443 -1795
1444 -1800
1445 -1798
1446 -1799
1447 -1797
1448 -1795
1449 -1793
1450 -1790
1451 -1792
1452 -1788
1453 -1782
1454 -1787
1455 -1787
1456 -1782
1457 -1782
1458 -1784
1459 -1784
1460 -1783
1461 -1784
1462 -1780
1463 -1781
1464 -1779
1465 -1780
1466 -1779
1467 -1774
1468 -1773
1469 -1769
1470 -1775
1471 -1772
1472 -1769
1473 -1770
1474 -1771
1475 -1769
1476 -1769
1477 -1768
1478 -1767
1479 -1761
1480 -1754
1481 -1753
1482 -1754
1483 -1755
1484 -1749
1485 -1752
1486 -1748
1487 -1749
1488 -1746
1489 -1748
1490 -1747
1491 -1752
1492 -1749
1493 -1744
1494 -1745
1495 -1743
1496 -1740
1497 -1738
1498 -1736
1499 -1729
1500 -1730
1501 -1728
1502 -1722
1503 -1722
1504 -1723
1505 -1725
1506 -1725
1507 -1723
1508 -1719
1509 -1720
1510 -1717
1511 -1714
1512 -1713
1513 -1711
1514 -1705
1515 -1710
1516 -1708
1517 -1706
1518 -1706
1519 -1708
1520 -1703
1521 -1705
1522 -1700
1523 -1699
1524 -1698
1525 -1690
1526 -1687
1527 -1688
1528 -1685
1529 -1685
1530 -1685
1531 -1682
1532 -1682
1533 -1684
1534 -1685
1535 -1681
1536 -1681
1537 -1681
1538 -1677
1539 -1678
1540 -1674
1541 -1673
1542 -1670
1543 -1672
1544 -1659
1545 -1663
1546 -1664
1547 -1663
1548 -1657
1549 -1663
1550 -1659
1551 -1662
1552 -1662
1553 -1657
1554 -1656
1555 -1655
1556 -1655
1557 -1650
1558 -1650
1559 -1648
1560 -1650
1561 -1644
1562 -1646
1563 -1647
1564 -1649
1565 -1644
1566 -1646
1567 -1648
1568 -1644
1569 -1641
1570 -1635
1571 -1637
1572 -1632
1573 -1634
1574 -1631
1575 -1636
1576 -1629
1577 -1633
1578 -1629
1579 -1632
1580 -1629
1581 -1633
1582 -1630
1583 -1630
1584 -1630
1585 -1628
1586 -1627
1587 -1622
1588 -1623
1589 -1621
1590 -1629
1591 -1619
1592 -1622
1593 -1616
1594 -1621
1595 -1618
1596 -1622
1597 -1622
1598 -1619
1599 -1619
1600 -1617
1601 -1621
1602 -1615
1603 -1614
1604 -1610
1605 -1615
1606 -1610
1607 -1613
1608 -1609
1609 -1616
1610 -1613
1611 -1615
1612 -1612
1613 -1610
1614 -1613
1615 -1606
1616 -1605
1617 -1601
1618 -1599
1619 -1600
1620 -1602
1621 -1596
1622 -1601
1623 -1600
1624 -1607
1625 -1601
1626 -1603
1627 -1603
1628 -1600
1629 -1599
1630 -1595
1631 -1597
1632 -1595
1633 -1591
1634 -1593
1635 -1592
1636 -1588
1637 -1588
1638 -1588
1639 -1593
1640 -1586
1641 -1591
1642 -1589
1643 -1590
1644 -1589
1645 -1585
1646 -1584
1647 -1582
1648 -1581
1649 -1577
1650 -1580
1651 -1579
1652 -1578
1653 -1580
1654 -1582
1655 -1576
1656 -1580
1657 -1580
1658 -1578
1659 -1576
1660 -1571
1661 -1565
1662 -1567
1663 -1566
1664 -1566
1665 -1567
1666 -1564
1667 -1566
1668 -1565
1669 -1570
1670 -1564
1671 -1566
1672 -1563
1673 -1564
1674 -1562
1675 -1561
1676 -1559
1677 -1557
1678 -1558
1679 -1549
1680 -1553
1681 -1550
1682 -1551
1683 -1549
1684 -1551
1685 -1550
1686 -1552
1687 -1548
1688 -1549
1689 -1546
1690 -1545
1691 -1545
1692 -1541
1693 -1542
1694 -1534
1695 -1540
1696 -1538
1697 -1538
1698 -1535
1699 -1539
1700 -1536
1701 -1538
1702 -1534
1703 -1534
1704 -1530
1705 -1528
1706 -1526
1707 -1524
1708 -1522
1709 -1522
1710 -1524
1711 -1523
1712 -1522
1713 -1522
1714 -1526
1715 -1521
1716 -1525
1717 -1522
1718 -1520
1719 -1520
1720 -1518
1721 -1518
1722 -1515
1723 -1513
1724 -1511
1725 -1512
1726 -1509
1727 -1510
1728 -1510
1729 -1514
1730 -1509
1731 -1512
1732 -1513
1733 -1508
1734 -1510
1735 -1505
1736 -1507
1737 -1503
1738 -1506
1739 -1499
1740 -1508
1741 -1498
1742 -1502
1743 -1499
1744 -1505
1745 -1500
1746 -1506
1747 -1499
1748 -1504
1749 -1500
1750 -1497
1751 -1496
1752 -1491
1753 -1493
1754 -1496
1755 -1500
1756 -1492
1757 -1495
1758 -1492
1759 -1500
1760 -1495
1761 -1498
1762 -1499
1763 -1497
1764 -1495
1765 -1494
1766 -1494
1767 -1491
1768 -1489
1769 -1491
1770 -1490
1771 -1485
1772 -1488
1773 -1488
1774 -1490
1775 -1488
1776 -1492
1777 -1490
1778 -1486
1779 -1488
1780 -1488
1781 -1490
1782 -1483
1783 -1482
1784 -1480
1785 -1488
1786 -1480
1787 -1482
1788 -1483
1789 -1487
1790 -1483
1791 -1486
1792 -1484
1793 -1482
1794 -1482
1795 -1478
1796 -1481
1797 -1476
1798 -1472
1799 -1469
