0 -2920
1 -2969
2 -2965
3 -2966
4 -2960
5 -2964
6 -2961
7 -2959
8 -2957
9 -2906
10 -2952
11 -2953
12 -2953
13 -2956
14 -2946
15 -2946
16 -2941
17 -2947
18 -2937
19 -2940
20 -2937
21 -2937
22 -2936
23 -2935
24 -2938
25 -2933
26 -2933
27 -2930
28 -2930
29 -2928
30 -2926
31 -2923
32 -2924
33 -2913
34 -2920
35 -2914
36 -2914
37 -2914
38 -2912
39 -2912
40 -2911
41 -2911
42 -2908
43 -2909
44 -2906
45 -2904
46 -2902
47 -2900
48 -2897
49 -2849
50 -2844
51 -2843
52 -2844
53 -2843
54 -2843
55 -2842
56 -2840
57 -2837
58 -2839
59 -2830
60 -2828
61 -2828
62 -2829
63 -2826
64 -2826
65 -2823
66 -2822
67 -2821
68 -2822
69 -2821
70 -2820
71 -2819
72 -2816
73 -2816
74 -2812
75 -2810
76 -2808
77 -2807
78 -2805
79 -2806
80 -2802
81 -2801
82 -2796
83 -2799
84 -2797
85 -2799
86 -2797
87 -2794
88 -2794
89 -2790
90 -2789
91 -2786
92 -2787
93 -2784
94 -2783
95 -2780
96 -2779
97 -2776
98 -2777
99 -2775
100 -2776
101 -2773
102 -2773
103 -2771
104 -2769
105 -2763
106 -2761
107 -2762
108 -2759
109 -2760
110 -2757
111 -2755
112 -2755
113 -2758
114 -2754
115 -2755
116 -2752
117 -2750
118 -2750
119 -2744
120 -2743
121 -2740
122 -2741
123 -2737
124 -2737
125 -2732
126 -2729
127 -2732
128 -2731
129 -2730
130 -2730
131 -2725
132 -2726
133 -2723
134 -2724
135 -2720
136 -2720
137 -2717
138 -2714
139 -2716
140 -2713
141 -2714
142 -2708
143 -2710
144 -2712
145 -2711
146 -2706
147 -2705
148 -2706
149 -2698
150 -2695
151 -2695
152 -2692
153 -2692
154 -2692
155 -2691
156 -2690
157 -2687
158 -2688
159 -2690
160 -2688
161 -2685
162 -2683
163 -2684
164 -2682
165 -2677
166 -2679
167 -2675
168 -2673
169 -2670
170 -2671
171 -2662
172 -2662
173 -2661
174 -2664
175 -2664
176 -2661
177 -2658
178 -2661
179 -2659
180 -2656
181 -2654
182 -2653
183 -2648
184 -2649
185 -2649
186 -2646
187 -2642
188 -2644
189 -2643
190 -2644
191 -2639
192 -2641
193 -2637
194 -2633
195 -2630
196 -2630
197 -2630
198 -2623
199 -2625
200 -2623
201 -2622
202 -2622
203 -2621
204 -2623
205 -2619
206 -2620
207 -2616
208 -2616
209 -2613
210 -2610
211 -2610
212 -2609
213 -2597
214 -2602
215 -2600
216 -2602
217 -2599
218 -2596
219 -2596
220 -2596
221 -2594
222 -2592
223 -2593
224 -2591
225 -2588
226 -2587
227 -2585
228 -2581
229 -2583
230 -2580
231 -2577
232 -2580
233 -2578
234 -2578
235 -2576
236 -2575
237 -2572
238 -2573
239 -2562
240 -2562
241 -2562
242 -2561
243 -2559
244 -2560
245 -2557
246 -2555
247 -2558
248 -2556
249 -2556
250 -2554
251 -2553
252 -2550
253 -2550
254 -2546
255 -2544
256 -2541
257 -2540
258 -2539
259 -2539
260 -2537
261 -2532
262 -2531
263 -2531
264 -2532
265 -2531
266 -2528
267 -2528
268 -2529
269 -2523
270 -2523
271 -2521
272 -2521
273 -2518
274 -2518
275 -2518
276 -2515
277 -2513
278 -2516
279 -2514
280 -2513
281 -2511
282 -2511
283 -2509
284 -2504
285 -2503
286 -2501
287 -2501
288 -2496
289 -2496
290 -2495
291 -2495
292 -2492
293 -2495
294 -2492
295 -2492
296 -2490
297 -2488
298 -2489
299 -2486
300 -2485
301 -2480
302 -2477
303 -2478
304 -2476
305 -2467
306 -2469
307 -2472
308 -2471
309 -2471
310 -2470
311 -2466
312 -2467
313 -2468
314 -2465
315 -2461
316 -2459
317 -2456
318 -2456
319 -2457
320 -2455
321 -2453
322 -2451
323 -2452
324 -2454
325 -2452
326 -2449
327 -2446
328 -2443
329 -2440
330 -2437
331 -2437
332 -2434
333 -2434
334 -2435
335 -2433
336 -2432
337 -2432
338 -2430
339 -2433
340 -2431
341 -2427
342 -2427
343 -2428
344 -2422
345 -2420
346 -2421
347 -2418
348 -2416
349 -2414
350 -2411
351 -2406
352 -2406
353 -2405
354 -2408
355 -2407
356 -2406
357 -2402
358 -2403
359 -2402
360 -2399
361 -2398
362 -2398
363 -2392
364 -2391
365 -2393
366 -2388
367 -2387
368 -2387
369 -2387
370 -2385
371 -2381
372 -2382
373 -2382
374 -2373
375 -2372
376 -2370
377 -2372
378 -2365
379 -2366
380 -2364
381 -2364
382 -2366
383 -2364
384 -2366
385 -2363
386 -2364
387 -2359
388 -2359
389 -2356
390 -2354
391 -2353
392 -2353
393 -2343
394 -2347
395 -2345
396 -2343
397 -2346
398 -2341
399 -2341
400 -2342
401 -2342
402 -2339
403 -2340
404 -2337
405 -2336
406 -2333
407 -2331
408 -2329
409 -2331
410 -2328
411 -2325
412 -2327
413 -2322
414 -2324
415 -2323
416 -2323
417 -2319
418 -2319
419 -2314
420 -2310
421 -2310
422 -2312
423 -2307
424 -2310
425 -2305
426 -2305
427 -2305
428 -2305
429 -2301
430 -2302
431 -2303
432 -2297
433 -2299
434 -2292
435 -2291
436 -2287
437 -2287
438 -2288
439 -2289
440 -2285
441 -2281
442 -2274
443 -2277
444 -2274
445 -2278
446 -2277
447 -2271
448 -2272
449 -2266
450 -2268
451 -2262
452 -2265
453 -2259
454 -2263
455 -2257
456 -2257
457 -2252
458 -2255
459 -2253
460 -2255
461 -2254
462 -2250
463 -2246
464 -2241
465 -2240
466 -2237
467 -2238
468 -2232
469 -2237
470 -2232
471 -2230
472 -2229
473 -2230
474 -2227
475 -2227
476 -2230
477 -2222
478 -2224
479 -2220
480 -2217
481 -2216
482 -2216
483 -2212
484 -2209
485 -2208
486 -2202
487 -2206
488 -2204
489 -2205
490 -2204
491 -2202
492 -2200
493 -2197
494 -2198
495 -2193
496 -2193
497 -2193
498 -2189
499 -2189
500 -2189
501 -2187
502 -2183
503 -2184
504 -2184
505 -2184
506 -2180
507 -2180
508 -2179
509 -2171
510 -2170
511 -2168
512 -2167
513 -2165
514 -2166
515 -2165
516 -2161
517 -2162
518 -2162
519 -2166
520 -2162
521 -2159
522 -2156
523 -2157
524 -2155
525 -2152
526 -2152
527 -2150
528 -2147
529 -2148
530 -2144
531 -2137
532 -2136
533 -2138
534 -2140
535 -2140
536 -2136
537 -2135
538 -2135
539 -2134
540 -2130
541 -2131
542 -2127
543 -2124
544 -2127
545 -2124
546 -2121
547 -2119
548 -2120
549 -2120
550 -2119
551 -2115
552 -2116
553 -2116
554 -2110
555 -2107
556 -2107
557 -2107
558 -2101
559 -2103
560 -2099
561 -2099
562 -2099
563 -2101
564 -2098
565 -2097
566 -2098
567 -2093
568 -2093
569 -2089
570 -2087
571 -2084
572 -2088
573 -2076
574 -2077
575 -2076
576 -2077
577 -2074
578 -2072
579 -2075
580 -2073
581 -2069
582 -2065
583 -2066
584 -2062
585 -2062
586 -2054
587 -2055
588 -2052
589 -2056
590 -2049
591 -2047
592 -2047
593 -2044
594 -2045
595 -2047
596 -2044
597 -2043
598 -2039
599 -2027
600 -2031
601 -2028
602 -2028
603 -2022
604 -2029
605 -2021
606 -2022
607 -2017
608 -2017
609 -2018
610 -2018
611 -2017
612 -2012
613 -2011
614 -2006
615 -2007
616 -2001
617 -2000
618 -1996
619 -2003
620 -1998
621 -1991
622 -1991
623 -1990
624 -1986
625 -1989
626 -1989
627 -1982
628 -1985
629 -1981
630 -1978
631 -1975
632 -1976
633 -1971
634 -1972
635 -1967
636 -1970
637 -1964
638 -1967
639 -1966
640 -1965
641 -1964
642 -1962
643 -1958
644 -1956
645 -1949
646 -1946
647 -1949
648 -1944
649 -1946
650 -1942
651 -1944
652 -1942
653 -1944
654 -1939
655 -1939
656 -1938
657 -1935
658 -1934
659 -1931
660 -1928
661 -1925
662 -1928
663 -1923
664 -1923
665 -1916
666 -1914
667 -1919
668 -1915
669 -1915
670 -1914
671 -1916
672 -1911
673 -1907
674 -1909
675 -1905
676 -1904
677 -1902
678 -1900
679 -1900
680 -1900
681 -1897
682 -1894
683 -1894
684 -1895
685 -1894
686 -1890
687 -1890
688 -1890
689 -1882
690 -1879
691 -1878
692 -1879
693 -1877
694 -1876
695 -1875
696 -1873
697 -1871
698 -1872
699 -1876
700 -1874
701 -1868
702 -1868
703 -1869
704 -1864
705 -1862
706 -1862
707 -1860
708 -1855
709 -1857
710 -1854
711 -1852
712 -1847
713 -1849
714 -1850
715 -1850
716 -1846
717 -1845
718 -1844
719 -1843
720 -1839
721 -1840
722 -1837
723 -1833
724 -1835
725 -1833
726 -1831
727 -1828
728 -1830
729 -1827
730 -1827
731 -1825
732 -1823
733 -1823
734 -1813
735 -1816
736 -1814
737 -1815
738 -1808
739 -1814
740 -1804
741 -1807
742 -1806
743 -1804
744 -1803
745 -1803
746 -1800
747 -1798
748 -1794
749 -1790
750 -1790
751 -1785
752 -1789
753 -1778
754 -1785
755 -1775
756 -1775
757 -1773
758 -1768
759 -1772
760 -1769
761 -1765
762 -1761
763 -1764
764 -1760
765 -1757
766 -1753
767 -1750
768 -1749
769 -1752
770 -1747
771 -1744
772 -1745
773 -1741
774 -1743
775 -1743
776 -1739
777 -1738
778 -1736
779 -1726
780 -1727
781 -1723
782 -1724
783 -1718
784 -1722
785 -1714
786 -1715
787 -1712
788 -1711
789 -1708
790 -1709
791 -1706
792 -1701
793 -1705
794 -1696
795 -1695
796 -1689
797 -1690
798 -1686
799 -1687
800 -1681
801 -1681
802 -1677
803 -1678
804 -1677
805 -1677
806 -1676
807 -1670
808 -1674
809 -1667
810 -1667
811 -1664
812 -1665
813 -1658
814 -1662
815 -1653
816 -1656
817 -1651
818 -1654
819 -1651
820 -1651
821 -1649
822 -1647
823 -1642
824 -1641
825 -1635
826 -1634
827 -1636
828 -1631
829 -1633
830 -1628
831 -1627
832 -1626
833 -1628
834 -1626
835 -1625
836 -1626
837 -1620
838 -1619
839 -1617
840 -1614
841 -1613
842 -1613
843 -1609
844 -1609
845 -1601
846 -1600
847 -1604
848 -1601
849 -1599
850 -1600
851 -1599
852 -1597
853 -1594
854 -1595
855 -1593
856 -1591
857 -1588
858 -1586
859 -1587
860 -1586
861 -1584
862 -1580
863 -1581
864 -1582
865 -1581
866 -1576
867 -1577
868 -1577
869 -1572
870 -1566
871 -1565
872 -1564
873 -1564
874 -1564
875 -1562
876 -1561
877 -1560
878 -1560
879 -1562
880 -1559
881 -1555
882 -1555
883 -1557
884 -1551
885 -1548
886 -1547
887 -1547
888 -1542
889 -1540
890 -1541
891 -1541
892 -1535
893 -1537
894 -1537
895 -1538
896 -1531
897 -1533
898 -1535
899 -1530
900 -1527
901 -1529
902 -1527
903 -1520
904 -1524
905 -1520
906 -1518
907 -1516
908 -1517
909 -1515
910 -1516
911 -1513
912 -1511
913 -1507
914 -1505
915 -1501
916 -1503
917 -1501
918 -1494
919 -1499
920 -1491
921 -1494
922 -1493
923 -1492
924 -1491
925 -1491
926 -1486
927 -1485
928 -1488
929 -1478
930 -1476
931 -1473
932 -1475
933 -1460
934 -1470
935 -1462
936 -1462
937 -1462
938 -1455
939 -1459
940 -1456
941 -1453
942 -1447
943 -1449
944 -1449
945 -1442
946 -1438
947 -1437
948 -1433
949 -1435
950 -1430
951 -1427
952 -1430
953 -1424
954 -1426
955 -1423
956 -1421
957 -1414
958 -1418
959 -1408
960 -1406
961 -1401
962 -1407
963 -1398
964 -1404
965 -1395
966 -1399
967 -1397
968 -1395
969 -1393
970 -1394
971 -1393
972 -1387
973 -1388
974 -1382
975 -1381
976 -1379
977 -1375
978 -1371
979 -1378
980 -1370
981 -1371
982 -1366
983 -1368
984 -1365
985 -1366
986 -1365
987 -1358
988 -1359
989 -1356
990 -1355
991 -1352
992 -1350
993 -1349
994 -1349
995 -1347
996 -1344
997 -1342
998 -1345
999 -1341
1000 -1341
1001 -1338
1002 -1338
1003 -1336
1004 -1333
1005 -1332
1006 -1329
1007 -1327
1008 -1323
1009 -1324
1010 -1323
1011 -1321
1012 -1319
1013 -1319
1014 -1321
1015 -1320
1016 -1318
1017 -1314
1018 -1315
1019 -1312
1020 -1308
1021 -1308
1022 -1306
1023 -1304
1024 -1302
1025 -1302
1026 -1299
1027 -1299
1028 -1298
1029 -1297
1030 -1297
1031 -1295
1032 -1294
1033 -1291
1034 -1293
1035 -1288
1036 -1288
1037 -1284
1038 -1284
1039 -1284
1040 -1284
1041 -1280
1042 -1279
1043 -1280
1044 -1279
1045 -1277
1046 -1270
1047 -1271
1048 -1270
1049 -1270
1050 -1268
1051 -1263
1052 -1261
1053 -1261
1054 -1261
1055 -1259
1056 -1259
1057 -1256
1058 -1257
1059 -1259
1060 -1257
1061 -1254
1062 -1251
1063 -1252
1064 -1248
1065 -1247
1066 -1245
1067 -1241
1068 -1238
1069 -1239
1070 -1238
1071 -1238
1072 -1233
1073 -1235
1074 -1234
1075 -1234
1076 -1230
1077 -1231
1078 -1230
1079 -1227
1080 -1224
1081 -1225
1082 -1224
1083 -1217
1084 -1220
1085 -1216
1086 -1216
1087 -1211
1088 -1212
1089 -1210
1090 -1210
1091 -1206
1092 -1205
1093 -1206
1094 -1200
1095 -1199
1096 -1198
1097 -1197
1098 -1189
1099 -1195
1100 -1187
1101 -1188
1102 -1187
1103 -1184
1104 -1186
1105 -1186
1106 -1181
1107 -1179
1108 -1179
1109 -1174
1110 -1171
1111 -1168
1112 -1172
1113 -1160
1114 -1168
1115 -1161
1116 -1159
1117 -1159
1118 -1155
1119 -1155
1120 -1155
1121 -1152
1122 -1147
1123 -1148
1124 -1147
1125 -1143
1126 -1137
1127 -1135
1128 -1134
1129 -1137
1130 -1132
1131 -1130
1132 -1130
1133 -1127
1134 -1128
1135 -1127
1136 -1123
1137 -1119
1138 -1119
1139 -1114
1140 -1114
1141 -1108
1142 -1108
1143 -1104
1144 -1107
1145 -1098
1146 -1101
1147 -1096
1148 -1097
1149 -1096
1150 -1097
1151 -1097
1152 -1089
1153 -1093
1154 -1087
1155 -1085
1156 -1081
1157 -1080
1158 -1075
1159 -1081
1160 -1076
1161 -1078
1162 -1072
1163 -1070
1164 -1067
1165 -1071
1166 -1069
1167 -1064
1168 -1064
1169 -1062
1170 -1060
1171 -1057
1172 -1056
1173 -1053
1174 -1052
1175 -1051
1176 -1049
1177 -1047
1178 -1049
1179 -1046
1180 -1046
1181 -1041
1182 -1041
1183 -1038
1184 -1037
1185 -1036
1186 -1035
1187 -1031
1188 -1028
1189 -1029
1190 -1026
1191 -1024
1192 -1024
1193 -1027
1194 -1023
1195 -1023
1196 -1024
1197 -1020
1198 -1019
1199 -1018
1200 -1012
1201 -1013
1202 -1014
1203 -1008
1204 -1007
1205 -1006
1206 -1005
1207 -1006
1208 -1004
1209 -1003
1210 -1002
1211 -1001
1212 -997
1213 -995
1214 -995
1215 -994
1216 -993
1217 -990
1218 -987
1219 -987
1220 -987
1221 -984
1222 -978
1223 -984
1224 -982
1225 -981
1226 -977
1227 -975
1228 -976
1229 -972
1230 -970
1231 -969
1232 -969
1233 -962
1234 -964
1235 -962
1236 -961
1237 -960
1238 -962
1239 -957
1240 -959
1241 -958
1242 -956
1243 -956
1244 -949
1245 -947
1246 -946
1247 -947
1248 -937
1249 -939
1250 -936
1251 -937
1252 -929
1253 -932
1254 -934
1255 -933
1256 -933
1257 -925
1258 -927
1259 -924
1260 -919
1261 -917
1262 -914
1263 -913
1264 -912
1265 -907
1266 -909
1267 -903
1268 -903
1269 -903
1270 -902
1271 -899
1272 -894
1273 -897
1274 -892
1275 -886
1276 -885
1277 -886
1278 -878
1279 -879
1280 -872
1281 -872
1282 -871
1283 -868
1284 -869
1285 -865
1286 -863
1287 -859
1288 -864
1289 -860
1290 -852
1291 -850
1292 -852
1293 -844
1294 -842
1295 -836
1296 -834
1297 -836
1298 -829
1299 -832
1300 -827
1301 -825
1302 -820
1303 -821
1304 -818
1305 -814
1306 -812
1307 -809
1308 -806
1309 -810
1310 -806
1311 -801
1312 -804
1313 -802
1314 -802
1315 -800
1316 -797
1317 -793
1318 -794
1319 -788
1320 -786
1321 -781
1322 -783
1323 -777
1324 -784
1325 -776
1326 -776
1327 -772
1328 -773
1329 -772
1330 -773
1331 -770
1332 -765
1333 -764
1334 -761
1335 -760
1336 -756
1337 -753
1338 -751
1339 -757
1340 -750
1341 -750
1342 -746
1343 -745
1344 -742
1345 -744
1346 -742
1347 -737
1348 -737
1349 -735
1350 -734
1351 -732
1352 -731
1353 -728
1354 -727
1355 -724
1356 -723
1357 -721
1358 -724
1359 -720
1360 -719
1361 -715
1362 -717
1363 -713
1364 -711
1365 -709
1366 -708
1367 -707
1368 -701
1369 -701
1370 -699
1371 -698
1372 -696
1373 -700
1374 -697
1375 -697
1376 -697
1377 -691
1378 -690
1379 -689
1380 -684
1381 -682
1382 -682
1383 -676
1384 -676
1385 -675
1386 -673
1387 -674
1388 -670
1389 -673
1390 -670
1391 -669
1392 -667
1393 -667
1394 -665
1395 -659
1396 -659
1397 -657
1398 -652
1399 -654
1400 -652
1401 -650
1402 -642
1403 -647
1404 -646
1405 -647
1406 -642
1407 -638
1408 -643
1409 -638
1410 -632
1411 -627
1412 -629
1413 -624
1414 -626
1415 -620
1416 -624
1417 -617
1418 -617
1419 -618
1420 -618
1421 -617
1422 -611
1423 -608
1424 -608
1425 -603
1426 -602
1427 -600
1428 -597
1429 -599
1430 -592
1431 -592
1432 -583
1433 -584
1434 -586
1435 -585
1436 -580
1437 -574
1438 -577
1439 -574
1440 -565
1441 -565
1442 -564
1443 -565
1444 -559
1445 -554
1446 -553
1447 -548
1448 -547
1449 -546
1450 -545
1451 -541
1452 -537
1453 -545
1454 -535
1455 -529
1456 -525
1457 -532
1458 -524
1459 -526
1460 -512
1461 -512
1462 -509
1463 -506
1464 -509
1465 -504
1466 -500
1467 -496
1468 -501
1469 -494
1470 -487
1471 -488
1472 -493
1473 -495
1474 -479
1475 -476
1476 -472
1477 -469
1478 -463
1479 -470
1480 -465
1481 -463
1482 -457
1483 -459
1484 -457
1485 -452
1486 -448
1487 -447
1488 -443
1489 -448
1490 -446
1491 -438
1492 -441
1493 -438
1494 -436
1495 -438
1496 -439
1497 -433
1498 -432
1499 -425
1500 -421
1501 -419
1502 -421
1503 -414
1504 -416
1505 -410
1506 -413
1507 -410
1508 -411
1509 -407
1510 -407
1511 -407
1512 -401
1513 -399
1514 -397
1515 -396
1516 -390
1517 -391
1518 -387
1519 -392
1520 -387
1521 -383
1522 -377
1523 -381
1524 -376
1525 -381
1526 -379
1527 -373
1528 -373
1529 -371
1530 -369
1531 -367
1532 -366
1533 -364
1534 -364
1535 -360
1536 -359
1537 -356
1538 -359
1539 -357
1540 -356
1541 -352
1542 -353
1543 -348
1544 -348
1545 -345
1546 -342
1547 -343
1548 -336
1549 -338
1550 -336
1551 -334
1552 -332
1553 -336
1554 -333
1555 -333
1556 -333
1557 -328
1558 -328
1559 -325
1560 -321
1561 -319
1562 -320
1563 -314
1564 -314
1565 -312
1566 -308
1567 -309
1568 -307
1569 -307
1570 -308
1571 -306
1572 -301
1573 -303
1574 -299
1575 -297
1576 -293
1577 -293
1578 -287
1579 -293
1580 -286
1581 -287
1582 -278
1583 -284
1584 -283
1585 -282
1586 -278
1587 -274
1588 -280
1589 -272
1590 -266
1591 -262
1592 -264
1593 -260
1594 -260
1595 -254
1596 -256
1597 -249
1598 -249
1599 -249
1600 -248
1601 -246
1602 -239
1603 -245
1604 -237
1605 -230
1606 -228
1607 -228
1608 -223
1609 -223
1610 -223
1611 -219
1612 -209
1613 -207
1614 -209
1615 -207
1616 -203
1617 -198
1618 -203
1619 -196
1620 -189
1621 -188
1622 -188
1623 -182
1624 -180
1625 -176
1626 -175
1627 -170
1628 -168
1629 -173
1630 -167
1631 -162
1632 -163
1633 -168
1634 -153
1635 -148
1636 -145
1637 -151
1638 -145
1639 -141
1640 -132
1641 -134
1642 -135
1643 -127
1644 -127
1645 -128
1646 -128
1647 -121
1648 -126
1649 -120
1650 -115
1651 -116
1652 -119
1653 -110
1654 -106
1655 -109
1656 -98
1657 -101
1658 -96
1659 -98
1660 -94
1661 -97
1662 -88
1663 -88
1664 -92
1665 -83
1666 -81
1667 -79
1668 -75
1669 -78
1670 -74
1671 -74
1672 -73
1673 -73
1674 -70
1675 -70
1676 -69
1677 -66
1678 -64
1679 -55
1680 -56
1681 -52
1682 -55
1683 -49
1684 -53
1685 -48
1686 -46
1687 -44
1688 -49
1689 -45
1690 -43
1691 -46
1692 -39
1693 -38
1694 -36
1695 -33
1696 -31
1697 -29
1698 -28
1699 -28
1700 -26
1701 -25
1702 -21
1703 -23
1704 -19
1705 -19
1706 -21
1707 -15
1708 -16
1709 -14
1710 -13
1711 -11
1712 -8
1713 -8
1714 -6
1715 -5
1716 -4
1717 -2
1718 -2
1719 -1
1720 -1
1721 4
1722 4
1723 6
1724 7
1725 8
1726 13
1727 14
1728 19
1729 16
1730 17
1731 20
1732 21
1733 20
1734 19
1735 20
1736 21
1737 26
1738 25
1739 28
1740 32
1741 31
1742 35
1743 36
1744 38
1745 37
1746 42
1747 42
1748 43
1749 43
1750 45
1751 45
1752 48
1753 49
1754 51
1755 56
1756 53
1757 55
1758 62
1759 61
1760 62
1761 64
1762 72
1763 65
1764 67
1765 68
1766 70
1767 72
1768 71
1769 78
1770 81
1771 85
1772 86
1773 88
1774 87
1775 93
1776 91
1777 97
1778 97
1779 98
1780 98
1781 102
1782 105
1783 104
1784 106
1785 114
1786 115
1787 114
1788 124
1789 118
1790 126
1791 126
1792 135
1793 139
1794 136
1795 136
1796 142
1797 146
1798 130
1799 148
